topology: 20 30 36
layer: 0 neuron: 0 0.00125126 0.00125126 0.00125126 0.00125126 0.00125126 0.00125126 0.00125126 0.00125126 0.00125126 0.00125126 0.00125126 0.00125126 0.00125126 0.00125126 0.00125126 0.00125126 0.00125126 0.00125126 0.00125126 0.00125126 0.00125126 0.00125126 0.00125126 0.00125126 0.00125126 0.00125126 0.00125126 0.00125126 0.00125126 0.00125126
layer: 0 neuron: 1 0.563585 0.563585 0.563585 0.563585 0.563585 0.563585 0.563585 0.563585 0.563585 0.563585 0.563585 0.563585 0.563585 0.563585 0.563585 0.563585 0.563585 0.563585 0.563585 0.563585 0.563585 0.563585 0.563585 0.563585 0.563585 0.563585 0.563585 0.563585 0.563585 0.563585
layer: 0 neuron: 2 0.193304 0.193304 0.193304 0.193304 0.193304 0.193304 0.193304 0.193304 0.193304 0.193304 0.193304 0.193304 0.193304 0.193304 0.193304 0.193304 0.193304 0.193304 0.193304 0.193304 0.193304 0.193304 0.193304 0.193304 0.193304 0.193304 0.193304 0.193304 0.193304 0.193304
layer: 0 neuron: 3 0.80874 0.80874 0.80874 0.80874 0.80874 0.80874 0.80874 0.80874 0.80874 0.80874 0.80874 0.80874 0.80874 0.80874 0.80874 0.80874 0.80874 0.80874 0.80874 0.80874 0.80874 0.80874 0.80874 0.80874 0.80874 0.80874 0.80874 0.80874 0.80874 0.80874
layer: 0 neuron: 4 0.585009 0.585009 0.585009 0.585009 0.585009 0.585009 0.585009 0.585009 0.585009 0.585009 0.585009 0.585009 0.585009 0.585009 0.585009 0.585009 0.585009 0.585009 0.585009 0.585009 0.585009 0.585009 0.585009 0.585009 0.585009 0.585009 0.585009 0.585009 0.585009 0.585009
layer: 0 neuron: 5 0.479873 0.479873 0.479873 0.479873 0.479873 0.479873 0.479873 0.479873 0.479873 0.479873 0.479873 0.479873 0.479873 0.479873 0.479873 0.479873 0.479873 0.479873 0.479873 0.479873 0.479873 0.479873 0.479873 0.479873 0.479873 0.479873 0.479873 0.479873 0.479873 0.479873
layer: 0 neuron: 6 0.350291 0.350291 0.350291 0.350291 0.350291 0.350291 0.350291 0.350291 0.350291 0.350291 0.350291 0.350291 0.350291 0.350291 0.350291 0.350291 0.350291 0.350291 0.350291 0.350291 0.350291 0.350291 0.350291 0.350291 0.350291 0.350291 0.350291 0.350291 0.350291 0.350291
layer: 0 neuron: 7 0.895962 0.895962 0.895962 0.895962 0.895962 0.895962 0.895962 0.895962 0.895962 0.895962 0.895962 0.895962 0.895962 0.895962 0.895962 0.895962 0.895962 0.895962 0.895962 0.895962 0.895962 0.895962 0.895962 0.895962 0.895962 0.895962 0.895962 0.895962 0.895962 0.895962
layer: 0 neuron: 8 0.82284 0.82284 0.82284 0.82284 0.82284 0.82284 0.82284 0.82284 0.82284 0.82284 0.82284 0.82284 0.82284 0.82284 0.82284 0.82284 0.82284 0.82284 0.82284 0.82284 0.82284 0.82284 0.82284 0.82284 0.82284 0.82284 0.82284 0.82284 0.82284 0.82284
layer: 0 neuron: 9 0.746605 0.746605 0.746605 0.746605 0.746605 0.746605 0.746605 0.746605 0.746605 0.746605 0.746605 0.746605 0.746605 0.746605 0.746605 0.746605 0.746605 0.746605 0.746605 0.746605 0.746605 0.746605 0.746605 0.746605 0.746605 0.746605 0.746605 0.746605 0.746605 0.746605
layer: 0 neuron: 10 0.174108 0.174108 0.174108 0.174108 0.174108 0.174108 0.174108 0.174108 0.174108 0.174108 0.174108 0.174108 0.174108 0.174108 0.174108 0.174108 0.174108 0.174108 0.174108 0.174108 0.174108 0.174108 0.174108 0.174108 0.174108 0.174108 0.174108 0.174108 0.174108 0.174108
layer: 0 neuron: 11 0.858943 0.858943 0.858943 0.858943 0.858943 0.858943 0.858943 0.858943 0.858943 0.858943 0.858943 0.858943 0.858943 0.858943 0.858943 0.858943 0.858943 0.858943 0.858943 0.858943 0.858943 0.858943 0.858943 0.858943 0.858943 0.858943 0.858943 0.858943 0.858943 0.858943
layer: 0 neuron: 12 0.710501 0.710501 0.710501 0.710501 0.710501 0.710501 0.710501 0.710501 0.710501 0.710501 0.710501 0.710501 0.710501 0.710501 0.710501 0.710501 0.710501 0.710501 0.710501 0.710501 0.710501 0.710501 0.710501 0.710501 0.710501 0.710501 0.710501 0.710501 0.710501 0.710501
layer: 0 neuron: 13 0.513535 0.513535 0.513535 0.513535 0.513535 0.513535 0.513535 0.513535 0.513535 0.513535 0.513535 0.513535 0.513535 0.513535 0.513535 0.513535 0.513535 0.513535 0.513535 0.513535 0.513535 0.513535 0.513535 0.513535 0.513535 0.513535 0.513535 0.513535 0.513535 0.513535
layer: 0 neuron: 14 0.303995 0.303995 0.303995 0.303995 0.303995 0.303995 0.303995 0.303995 0.303995 0.303995 0.303995 0.303995 0.303995 0.303995 0.303995 0.303995 0.303995 0.303995 0.303995 0.303995 0.303995 0.303995 0.303995 0.303995 0.303995 0.303995 0.303995 0.303995 0.303995 0.303995
layer: 0 neuron: 15 0.0149846 0.0149846 0.0149846 0.0149846 0.0149846 0.0149846 0.0149846 0.0149846 0.0149846 0.0149846 0.0149846 0.0149846 0.0149846 0.0149846 0.0149846 0.0149846 0.0149846 0.0149846 0.0149846 0.0149846 0.0149846 0.0149846 0.0149846 0.0149846 0.0149846 0.0149846 0.0149846 0.0149846 0.0149846 0.0149846
layer: 0 neuron: 16 0.0914029 0.0914029 0.0914029 0.0914029 0.0914029 0.0914029 0.0914029 0.0914029 0.0914029 0.0914029 0.0914029 0.0914029 0.0914029 0.0914029 0.0914029 0.0914029 0.0914029 0.0914029 0.0914029 0.0914029 0.0914029 0.0914029 0.0914029 0.0914029 0.0914029 0.0914029 0.0914029 0.0914029 0.0914029 0.0914029
layer: 0 neuron: 17 0.364452 0.364452 0.364452 0.364452 0.364452 0.364452 0.364452 0.364452 0.364452 0.364452 0.364452 0.364452 0.364452 0.364452 0.364452 0.364452 0.364452 0.364452 0.364452 0.364452 0.364452 0.364452 0.364452 0.364452 0.364452 0.364452 0.364452 0.364452 0.364452 0.364452
layer: 0 neuron: 18 0.147313 0.147313 0.147313 0.147313 0.147313 0.147313 0.147313 0.147313 0.147313 0.147313 0.147313 0.147313 0.147313 0.147313 0.147313 0.147313 0.147313 0.147313 0.147313 0.147313 0.147313 0.147313 0.147313 0.147313 0.147313 0.147313 0.147313 0.147313 0.147313 0.147313
layer: 0 neuron: 19 0.165899 0.165899 0.165899 0.165899 0.165899 0.165899 0.165899 0.165899 0.165899 0.165899 0.165899 0.165899 0.165899 0.165899 0.165899 0.165899 0.165899 0.165899 0.165899 0.165899 0.165899 0.165899 0.165899 0.165899 0.165899 0.165899 0.165899 0.165899 0.165899 0.165899
layer: 0 neuron: 20 0.988525 0.988525 0.988525 0.988525 0.988525 0.988525 0.988525 0.988525 0.988525 0.988525 0.988525 0.988525 0.988525 0.988525 0.988525 0.988525 0.988525 0.988525 0.988525 0.988525 0.988525 0.988525 0.988525 0.988525 0.988525 0.988525 0.988525 0.988525 0.988525 0.988525
layer: 1 neuron: 0 0.445692 0.445692 0.445692 0.445692 0.445692 0.445692 0.445692 0.445692 0.445692 0.445692 0.445692 0.445692 0.445692 0.445692 0.445692 0.445692 0.445692 0.445692 0.445692 0.445692 0.445692 0.445692 0.445692 0.445692 0.445692 0.445692 0.445692 0.445692 0.445692 0.445692 0.445692 0.445692 0.445692 0.445692 0.445692 0.445692
layer: 1 neuron: 1 0.119083 0.119083 0.119083 0.119083 0.119083 0.119083 0.119083 0.119083 0.119083 0.119083 0.119083 0.119083 0.119083 0.119083 0.119083 0.119083 0.119083 0.119083 0.119083 0.119083 0.119083 0.119083 0.119083 0.119083 0.119083 0.119083 0.119083 0.119083 0.119083 0.119083 0.119083 0.119083 0.119083 0.119083 0.119083 0.119083
layer: 1 neuron: 2 0.00466933 0.00466933 0.00466933 0.00466933 0.00466933 0.00466933 0.00466933 0.00466933 0.00466933 0.00466933 0.00466933 0.00466933 0.00466933 0.00466933 0.00466933 0.00466933 0.00466933 0.00466933 0.00466933 0.00466933 0.00466933 0.00466933 0.00466933 0.00466933 0.00466933 0.00466933 0.00466933 0.00466933 0.00466933 0.00466933 0.00466933 0.00466933 0.00466933 0.00466933 0.00466933 0.00466933
layer: 1 neuron: 3 0.0089114 0.0089114 0.0089114 0.0089114 0.0089114 0.0089114 0.0089114 0.0089114 0.0089114 0.0089114 0.0089114 0.0089114 0.0089114 0.0089114 0.0089114 0.0089114 0.0089114 0.0089114 0.0089114 0.0089114 0.0089114 0.0089114 0.0089114 0.0089114 0.0089114 0.0089114 0.0089114 0.0089114 0.0089114 0.0089114 0.0089114 0.0089114 0.0089114 0.0089114 0.0089114 0.0089114
layer: 1 neuron: 4 0.37788 0.37788 0.37788 0.37788 0.37788 0.37788 0.37788 0.37788 0.37788 0.37788 0.37788 0.37788 0.37788 0.37788 0.37788 0.37788 0.37788 0.37788 0.37788 0.37788 0.37788 0.37788 0.37788 0.37788 0.37788 0.37788 0.37788 0.37788 0.37788 0.37788 0.37788 0.37788 0.37788 0.37788 0.37788 0.37788
layer: 1 neuron: 5 0.531663 0.531663 0.531663 0.531663 0.531663 0.531663 0.531663 0.531663 0.531663 0.531663 0.531663 0.531663 0.531663 0.531663 0.531663 0.531663 0.531663 0.531663 0.531663 0.531663 0.531663 0.531663 0.531663 0.531663 0.531663 0.531663 0.531663 0.531663 0.531663 0.531663 0.531663 0.531663 0.531663 0.531663 0.531663 0.531663
layer: 1 neuron: 6 0.571184 0.571184 0.571184 0.571184 0.571184 0.571184 0.571184 0.571184 0.571184 0.571184 0.571184 0.571184 0.571184 0.571184 0.571184 0.571184 0.571184 0.571184 0.571184 0.571184 0.571184 0.571184 0.571184 0.571184 0.571184 0.571184 0.571184 0.571184 0.571184 0.571184 0.571184 0.571184 0.571184 0.571184 0.571184 0.571184
layer: 1 neuron: 7 0.601764 0.601764 0.601764 0.601764 0.601764 0.601764 0.601764 0.601764 0.601764 0.601764 0.601764 0.601764 0.601764 0.601764 0.601764 0.601764 0.601764 0.601764 0.601764 0.601764 0.601764 0.601764 0.601764 0.601764 0.601764 0.601764 0.601764 0.601764 0.601764 0.601764 0.601764 0.601764 0.601764 0.601764 0.601764 0.601764
layer: 1 neuron: 8 0.607166 0.607166 0.607166 0.607166 0.607166 0.607166 0.607166 0.607166 0.607166 0.607166 0.607166 0.607166 0.607166 0.607166 0.607166 0.607166 0.607166 0.607166 0.607166 0.607166 0.607166 0.607166 0.607166 0.607166 0.607166 0.607166 0.607166 0.607166 0.607166 0.607166 0.607166 0.607166 0.607166 0.607166 0.607166 0.607166
layer: 1 neuron: 9 0.166234 0.166234 0.166234 0.166234 0.166234 0.166234 0.166234 0.166234 0.166234 0.166234 0.166234 0.166234 0.166234 0.166234 0.166234 0.166234 0.166234 0.166234 0.166234 0.166234 0.166234 0.166234 0.166234 0.166234 0.166234 0.166234 0.166234 0.166234 0.166234 0.166234 0.166234 0.166234 0.166234 0.166234 0.166234 0.166234
layer: 1 neuron: 10 0.663045 0.663045 0.663045 0.663045 0.663045 0.663045 0.663045 0.663045 0.663045 0.663045 0.663045 0.663045 0.663045 0.663045 0.663045 0.663045 0.663045 0.663045 0.663045 0.663045 0.663045 0.663045 0.663045 0.663045 0.663045 0.663045 0.663045 0.663045 0.663045 0.663045 0.663045 0.663045 0.663045 0.663045 0.663045 0.663045
layer: 1 neuron: 11 0.450789 0.450789 0.450789 0.450789 0.450789 0.450789 0.450789 0.450789 0.450789 0.450789 0.450789 0.450789 0.450789 0.450789 0.450789 0.450789 0.450789 0.450789 0.450789 0.450789 0.450789 0.450789 0.450789 0.450789 0.450789 0.450789 0.450789 0.450789 0.450789 0.450789 0.450789 0.450789 0.450789 0.450789 0.450789 0.450789
layer: 1 neuron: 12 0.352123 0.352123 0.352123 0.352123 0.352123 0.352123 0.352123 0.352123 0.352123 0.352123 0.352123 0.352123 0.352123 0.352123 0.352123 0.352123 0.352123 0.352123 0.352123 0.352123 0.352123 0.352123 0.352123 0.352123 0.352123 0.352123 0.352123 0.352123 0.352123 0.352123 0.352123 0.352123 0.352123 0.352123 0.352123 0.352123
layer: 1 neuron: 13 0.0570391 0.0570391 0.0570391 0.0570391 0.0570391 0.0570391 0.0570391 0.0570391 0.0570391 0.0570391 0.0570391 0.0570391 0.0570391 0.0570391 0.0570391 0.0570391 0.0570391 0.0570391 0.0570391 0.0570391 0.0570391 0.0570391 0.0570391 0.0570391 0.0570391 0.0570391 0.0570391 0.0570391 0.0570391 0.0570391 0.0570391 0.0570391 0.0570391 0.0570391 0.0570391 0.0570391
layer: 1 neuron: 14 0.607685 0.607685 0.607685 0.607685 0.607685 0.607685 0.607685 0.607685 0.607685 0.607685 0.607685 0.607685 0.607685 0.607685 0.607685 0.607685 0.607685 0.607685 0.607685 0.607685 0.607685 0.607685 0.607685 0.607685 0.607685 0.607685 0.607685 0.607685 0.607685 0.607685 0.607685 0.607685 0.607685 0.607685 0.607685 0.607685
layer: 1 neuron: 15 0.783319 0.783319 0.783319 0.783319 0.783319 0.783319 0.783319 0.783319 0.783319 0.783319 0.783319 0.783319 0.783319 0.783319 0.783319 0.783319 0.783319 0.783319 0.783319 0.783319 0.783319 0.783319 0.783319 0.783319 0.783319 0.783319 0.783319 0.783319 0.783319 0.783319 0.783319 0.783319 0.783319 0.783319 0.783319 0.783319
layer: 1 neuron: 16 0.802606 0.802606 0.802606 0.802606 0.802606 0.802606 0.802606 0.802606 0.802606 0.802606 0.802606 0.802606 0.802606 0.802606 0.802606 0.802606 0.802606 0.802606 0.802606 0.802606 0.802606 0.802606 0.802606 0.802606 0.802606 0.802606 0.802606 0.802606 0.802606 0.802606 0.802606 0.802606 0.802606 0.802606 0.802606 0.802606
layer: 1 neuron: 17 0.519883 0.519883 0.519883 0.519883 0.519883 0.519883 0.519883 0.519883 0.519883 0.519883 0.519883 0.519883 0.519883 0.519883 0.519883 0.519883 0.519883 0.519883 0.519883 0.519883 0.519883 0.519883 0.519883 0.519883 0.519883 0.519883 0.519883 0.519883 0.519883 0.519883 0.519883 0.519883 0.519883 0.519883 0.519883 0.519883
layer: 1 neuron: 18 0.30195 0.30195 0.30195 0.30195 0.30195 0.30195 0.30195 0.30195 0.30195 0.30195 0.30195 0.30195 0.30195 0.30195 0.30195 0.30195 0.30195 0.30195 0.30195 0.30195 0.30195 0.30195 0.30195 0.30195 0.30195 0.30195 0.30195 0.30195 0.30195 0.30195 0.30195 0.30195 0.30195 0.30195 0.30195 0.30195
layer: 1 neuron: 19 0.875973 0.875973 0.875973 0.875973 0.875973 0.875973 0.875973 0.875973 0.875973 0.875973 0.875973 0.875973 0.875973 0.875973 0.875973 0.875973 0.875973 0.875973 0.875973 0.875973 0.875973 0.875973 0.875973 0.875973 0.875973 0.875973 0.875973 0.875973 0.875973 0.875973 0.875973 0.875973 0.875973 0.875973 0.875973 0.875973
layer: 1 neuron: 20 0.726676 0.726676 0.726676 0.726676 0.726676 0.726676 0.726676 0.726676 0.726676 0.726676 0.726676 0.726676 0.726676 0.726676 0.726676 0.726676 0.726676 0.726676 0.726676 0.726676 0.726676 0.726676 0.726676 0.726676 0.726676 0.726676 0.726676 0.726676 0.726676 0.726676 0.726676 0.726676 0.726676 0.726676 0.726676 0.726676
layer: 1 neuron: 21 0.955901 0.955901 0.955901 0.955901 0.955901 0.955901 0.955901 0.955901 0.955901 0.955901 0.955901 0.955901 0.955901 0.955901 0.955901 0.955901 0.955901 0.955901 0.955901 0.955901 0.955901 0.955901 0.955901 0.955901 0.955901 0.955901 0.955901 0.955901 0.955901 0.955901 0.955901 0.955901 0.955901 0.955901 0.955901 0.955901
layer: 1 neuron: 22 0.925718 0.925718 0.925718 0.925718 0.925718 0.925718 0.925718 0.925718 0.925718 0.925718 0.925718 0.925718 0.925718 0.925718 0.925718 0.925718 0.925718 0.925718 0.925718 0.925718 0.925718 0.925718 0.925718 0.925718 0.925718 0.925718 0.925718 0.925718 0.925718 0.925718 0.925718 0.925718 0.925718 0.925718 0.925718 0.925718
layer: 1 neuron: 23 0.539354 0.539354 0.539354 0.539354 0.539354 0.539354 0.539354 0.539354 0.539354 0.539354 0.539354 0.539354 0.539354 0.539354 0.539354 0.539354 0.539354 0.539354 0.539354 0.539354 0.539354 0.539354 0.539354 0.539354 0.539354 0.539354 0.539354 0.539354 0.539354 0.539354 0.539354 0.539354 0.539354 0.539354 0.539354 0.539354
layer: 1 neuron: 24 0.142338 0.142338 0.142338 0.142338 0.142338 0.142338 0.142338 0.142338 0.142338 0.142338 0.142338 0.142338 0.142338 0.142338 0.142338 0.142338 0.142338 0.142338 0.142338 0.142338 0.142338 0.142338 0.142338 0.142338 0.142338 0.142338 0.142338 0.142338 0.142338 0.142338 0.142338 0.142338 0.142338 0.142338 0.142338 0.142338
layer: 1 neuron: 25 0.462081 0.462081 0.462081 0.462081 0.462081 0.462081 0.462081 0.462081 0.462081 0.462081 0.462081 0.462081 0.462081 0.462081 0.462081 0.462081 0.462081 0.462081 0.462081 0.462081 0.462081 0.462081 0.462081 0.462081 0.462081 0.462081 0.462081 0.462081 0.462081 0.462081 0.462081 0.462081 0.462081 0.462081 0.462081 0.462081
layer: 1 neuron: 26 0.235328 0.235328 0.235328 0.235328 0.235328 0.235328 0.235328 0.235328 0.235328 0.235328 0.235328 0.235328 0.235328 0.235328 0.235328 0.235328 0.235328 0.235328 0.235328 0.235328 0.235328 0.235328 0.235328 0.235328 0.235328 0.235328 0.235328 0.235328 0.235328 0.235328 0.235328 0.235328 0.235328 0.235328 0.235328 0.235328
layer: 1 neuron: 27 0.862239 0.862239 0.862239 0.862239 0.862239 0.862239 0.862239 0.862239 0.862239 0.862239 0.862239 0.862239 0.862239 0.862239 0.862239 0.862239 0.862239 0.862239 0.862239 0.862239 0.862239 0.862239 0.862239 0.862239 0.862239 0.862239 0.862239 0.862239 0.862239 0.862239 0.862239 0.862239 0.862239 0.862239 0.862239 0.862239
layer: 1 neuron: 28 0.209601 0.209601 0.209601 0.209601 0.209601 0.209601 0.209601 0.209601 0.209601 0.209601 0.209601 0.209601 0.209601 0.209601 0.209601 0.209601 0.209601 0.209601 0.209601 0.209601 0.209601 0.209601 0.209601 0.209601 0.209601 0.209601 0.209601 0.209601 0.209601 0.209601 0.209601 0.209601 0.209601 0.209601 0.209601 0.209601
layer: 1 neuron: 29 0.779656 0.779656 0.779656 0.779656 0.779656 0.779656 0.779656 0.779656 0.779656 0.779656 0.779656 0.779656 0.779656 0.779656 0.779656 0.779656 0.779656 0.779656 0.779656 0.779656 0.779656 0.779656 0.779656 0.779656 0.779656 0.779656 0.779656 0.779656 0.779656 0.779656 0.779656 0.779656 0.779656 0.779656 0.779656 0.779656
layer: 1 neuron: 30 0.843654 0.843654 0.843654 0.843654 0.843654 0.843654 0.843654 0.843654 0.843654 0.843654 0.843654 0.843654 0.843654 0.843654 0.843654 0.843654 0.843654 0.843654 0.843654 0.843654 0.843654 0.843654 0.843654 0.843654 0.843654 0.843654 0.843654 0.843654 0.843654 0.843654 0.843654 0.843654 0.843654 0.843654 0.843654 0.843654
