topology: 62 60 37
layer: 0 neuron: 0 -2.81296 -1.37649 -1.52071 -10.581 -1.50295 2.23248 20.6531 -10.5949 -14.9347 -6.59294 12.594 12.2688 14.0055 -2.43152 0.734006 -0.933742 10.3449 -1.95997 1.08331 -2.25198 -12.7816 8.19576 -8.75763 1.34971 1.50012 -2.06106 -5.66433 -14.0888 5.28586 2.58618 3.78153 -1.02165 7.97408 -0.331412 -7.3563 13.1067 -13.9911 0.782057 -1.82628 1.51309 -9.81257 12.793 -1.2122 5.2942 -7.13797 6.80521 -3.57901 -0.0713045 2.26941 0.414939 5.55577 -0.865561 -3.53631 -15.8903 0.922088 -3.33133 -0.668325 0.525622 -6.58671 -6.10571
layer: 0 neuron: 1 1.4845 -2.5891 -6.20279 -1.98822 0.840811 -0.422346 -9.81417 -16.8253 -0.106234 -11.0249 -8.11105 5.84664 -3.75981 -0.257667 8.4036 1.12727 -2.49928 -1.01067 0.380738 -1.49339 1.14814 4.35675 -3.21086 9.5187 14.5821 -6.92932 0.171276 -5.02095 12.642 -5.15187 2.22497 -8.68593 3.05556 15.5756 4.7382 -17.6457 -8.62173 3.85498 3.3216 -9.53993 -10.5888 13.038 -5.92786 -3.54722 5.74406 18.4852 -18.6526 -1.09379 17.9092 2.40962 0.6751 14.2918 14.5193 6.04664 11.7008 0.784213 -5.05901 14.2824 -1.65797 -0.625722
layer: 0 neuron: 2 0.381593 1.14455 0.534914 4.55716 -0.986881 1.05454 -15.6782 -15.5489 5.79011 -0.243263 -3.35644 6.84613 -13.198 -0.0740739 4.31852 -4.76418 -0.783883 -7.02395 -0.0891741 -0.0298852 -2.0719 6.85225 -0.372617 3.21282 19.4022 -1.64604 -1.30291 -1.34876 9.81902 5.01137 8.3565 -9.95806 -4.88931 23.7096 6.0993 -9.00056 -6.58345 -2.76594 5.59378 2.72358 -5.68073 2.1809 0.946422 -1.92972 0.110116 14.7135 5.90049 -13.2698 5.2588 2.59626 0.736533 22.5716 24.7442 1.60203 18.1248 -5.4115 2.77625 23.2501 -6.94875 2.75109
layer: 0 neuron: 3 -12.9534 -1.66225 7.64204 7.00713 8.05379 7.17996 -11.6305 -3.88396 14.1078 -1.11868 4.24503 6.92494 -15.6698 -5.27279 3.07523 -0.199121 1.55438 -6.02348 5.11115 -0.477583 -1.48167 -2.78783 1.71946 9.6963 0.740102 1.48568 2.91373 1.1567 0.369508 -4.96075 -0.807005 2.64817 -7.55211 5.45401 12.5616 -2.66443 -4.05364 -26.6422 1.19342 10.6117 8.97353 -13.7508 11.0686 -2.84387 -0.472233 -1.22835 4.58159 -18.2514 -4.72224 0.690423 1.96769 4.82857 4.81619 2.50368 2.69639 -6.50506 11.5459 4.90239 8.25517 -4.28747
layer: 0 neuron: 4 -16.7901 5.63946 3.4839 7.19673 7.68554 2.30326 7.73861 5.96246 7.75116 -1.5822 13.2309 -2.91544 7.72072 -2.93071 0.982349 6.39819 0.600247 8.28338 -0.0602584 -1.95722 3.88358 -1.50636 -1.0882 1.62615 -8.01658 2.35663 -4.46383 7.03466 -5.4566 -2.12346 -4.97683 11.4325 8.11931 -5.38126 5.39523 4.52304 6.51493 -16.7274 -8.67558 3.78676 2.31931 -4.96277 2.13617 2.39764 -2.3827 -15.2784 7.926 18.506 -11.4383 -7.80294 -0.330695 -6.05487 -5.90864 15.7413 -4.92235 4.21195 11.794 -7.24402 18.1231 -6.04531
layer: 0 neuron: 5 1.25106 3.53537 4.18986 -2.31878 -3.00052 -9.07391 5.8082 1.39246 -1.45335 5.81461 0.56034 -11.984 7.75069 -3.41276 -9.42418 -7.74054 11.3605 6.307 1.83169 -1.97121 7.75035 8.14253 2.59537 -7.57443 4.45636 -3.91175 -3.28819 10.7684 7.16451 11.8848 -2.69421 1.49801 -4.17512 11.3747 -0.585825 0.17001 3.56443 2.41893 -3.11102 -4.36476 -4.06527 5.37997 -7.73113 6.58358 -7.98636 -1.16256 13.7315 19.0462 -8.13924 -9.08714 1.58362 9.22376 10.5533 14.0998 8.55526 5.87286 3.53277 8.07354 3.64188 0.0828377
layer: 0 neuron: 6 9.26487 5.30764 -0.851232 -6.19689 -5.74168 -0.454708 -2.79872 16.3561 9.91272 8.23771 -19.5805 -5.77828 -1.72373 4.33487 -6.95737 0.755973 3.56425 -0.152845 -3.17445 3.82217 7.92026 12.3415 0.473588 -16.1086 7.50508 4.33278 5.46376 7.29176 -6.52525 7.36755 1.721 -9.99155 -15.929 13.5036 -10.09 12.3336 4.94195 17.4438 2.78734 2.36002 3.71569 -14.5434 16.1681 1.10564 4.28129 -2.10076 7.05892 -0.092263 -2.6672 2.15293 -5.3727 12.6571 14.4005 5.09498 10.8575 8.26927 -2.84885 10.8184 -3.57829 8.00015
layer: 0 neuron: 7 1.24222 -2.12904 1.29107 1.33759 -0.965652 6.66062 -12.4255 7.86505 5.07035 -7.96856 1.60083 -4.61532 -2.8323 5.48441 -2.34109 1.15901 -3.36546 -2.60763 0.750134 2.43861 3.79883 8.11684 7.63994 -4.4268 13.7872 2.51403 10.2054 -5.53832 -2.68303 5.5256 5.12921 -2.69305 -7.39287 19.8245 -0.271899 -1.76693 5.61138 10.1307 6.37888 -3.0713 4.48189 -6.45004 1.78741 -5.12736 4.0741 -1.88156 0.367706 -5.10617 0.152391 1.57944 -0.901232 19.2038 19.4383 -0.171207 13.9164 -0.590794 -6.81398 17.6944 4.32654 3.45602
layer: 0 neuron: 8 6.81084 -3.03394 -2.64061 -11.5494 7.29175 -2.10004 -2.1135 10.2456 2.42237 -6.76959 -3.9832 0.485588 -0.63523 2.22799 -4.36198 1.61577 -2.83277 3.30776 0.127295 1.71169 0.154427 7.51194 2.81192 -1.09476 -1.49979 -0.747685 15.9141 -10.8482 0.382979 1.16816 -2.5907 6.05465 0.242474 1.16777 2.98918 0.155077 1.73267 3.20566 4.6597 -3.23613 4.20002 7.39368 4.33549 -1.6149 2.22521 -5.55745 0.330393 2.85525 -12.0569 3.1673 2.14383 -0.148382 -1.1575 -6.44699 1.82349 4.37308 -5.95364 0.805379 6.46373 11.4873
layer: 0 neuron: 9 6.38431 1.45039 7.636 -5.909 1.57459 -7.75585 0.442365 3.84722 2.47544 0.469937 0.134385 2.94745 -4.82927 -0.309024 -5.33544 -1.90027 -6.40631 -2.358 -1.47957 -2.29479 -1.33676 -13.3686 -10.9897 -0.439565 -2.91459 1.15775 3.77395 2.47 0.105514 -3.75537 -1.21637 2.9156 3.44388 3.15555 6.6007 4.64624 3.04473 2.63718 7.69287 -0.394774 -0.906054 10.2032 6.45417 9.18896 -0.649678 -1.3783 2.77578 -4.7377 -0.357402 -2.23284 1.36401 1.67867 2.32598 -7.2611 1.28635 -5.04235 -3.71307 1.45281 -7.60579 3.7906
layer: 0 neuron: 10 1.47183 8.78729 7.79844 -4.97084 4.34395 -4.29195 -8.13175 8.21789 4.95335 6.19141 -0.955748 10.4777 -3.52641 -0.194407 -0.032292 1.95771 -9.18295 -2.21048 -2.36022 -0.595311 -9.81433 -1.41074 -9.3443 -4.01788 2.71916 -1.77866 1.83687 -2.72934 -2.93524 -4.92383 -0.0759663 -1.11121 3.16513 0.355204 4.40976 9.96676 -5.3521 0.181205 0.872345 2.27283 -1.87757 6.44199 18.1981 1.79563 -1.21499 -4.42858 8.21397 -4.53643 -8.83329 -3.42073 -1.21474 0.359529 0.655711 -14.7301 1.69996 -1.43094 -2.95275 -1.55965 0.40575 5.75004
layer: 0 neuron: 11 1.37602 -1.12752 -7.6497 2.93237 1.03073 5.59094 -11.7906 -12.4209 -4.51678 6.42614 7.14048 8.3672 -5.27725 -2.69299 3.74436 -4.64408 -4.91576 -2.45279 -5.17708 -0.385115 -6.79559 17.8427 3.20214 1.4641 18.088 -1.67049 -3.51527 2.86468 2.58574 6.76659 8.83574 -4.67153 9.63039 21.4189 3.38775 -6.85462 0.329149 -0.461515 -4.89931 5.78505 -3.24488 -5.01229 -3.55192 -3.46555 -7.6658 -4.38905 14.0631 -4.16781 -16.2051 1.55125 4.34639 21.1819 21.0902 6.13597 17.9265 -3.51838 -5.80833 18.9802 4.77894 -1.31763
layer: 0 neuron: 12 6.49945 2.75966 -6.43867 -7.8292 4.64023 3.89592 -9.48715 -14.3474 -4.47849 -10.5181 -0.191377 -2.59932 0.701006 -2.68644 -0.640903 -0.0716012 5.53219 -0.450641 -1.80679 -6.36484 -4.96732 4.09123 0.915002 1.52359 -2.35576 -2.29582 1.21995 0.270499 2.25865 -0.610117 -2.43251 -0.914616 -2.49986 3.45543 3.495 -1.62226 -2.86678 -18.4894 0.110251 -0.35089 -2.69731 -1.81017 1.29327 0.398897 0.0662732 5.62438 -1.91431 1.8724 -10.6978 0.651346 0.864335 3.23043 2.82583 2.85935 0.42957 -6.22089 -9.0759 3.03431 0.763996 -3.56873
layer: 0 neuron: 13 -1.28223 10.471 4.45702 -17.6896 5.1046 -0.637109 1.86419 4.75144 9.10783 -15.4284 -6.64496 -4.62871 7.50783 7.86958 -3.74131 13.9717 15.6835 5.19827 3.96197 -2.82976 -1.01572 0.859363 -6.60194 -4.55813 -4.63798 2.01609 4.96548 2.51878 6.50103 -8.65734 -2.62989 1.56188 -15.3602 3.68816 -0.0901847 15.2133 -3.53932 -16.683 8.04789 3.42597 1.09962 12.6631 18.6698 4.98173 15.572 14.3712 -8.23752 10.672 -2.8105 -2.77624 -3.65313 3.02254 0.650406 -3.03102 -0.616556 5.89888 -1.04616 1.17123 2.74301 9.39438
layer: 0 neuron: 14 -0.350829 -3.35008 1.42728 -7.06826 -3.20311 -1.30955 6.8424 1.11919 3.08121 -3.7181 -5.9931 1.09596 4.76672 6.14547 -5.29982 2.67838 8.06672 5.17415 1.91765 0.277363 5.91409 -2.40346 -10.061 -3.01322 -5.71178 1.83186 -4.32277 15.3112 0.670478 -2.0908 -3.55867 -0.912165 -8.35979 -2.45063 -8.63244 11.4545 -1.38106 -2.85357 1.18163 2.39168 -1.43691 5.98646 12.94 -0.00940484 1.7473 -0.433813 0.976483 5.3397 0.163183 -1.39873 -3.83733 -2.54948 -4.48048 14.7156 -4.37566 5.13235 6.10663 -5.1255 -1.97885 3.90923
layer: 0 neuron: 15 -5.38397 -7.10901 -0.26814 4.50577 -3.60835 1.4244 8.21792 3.16518 6.71514 2.88329 1.91273 5.64887 0.822309 -0.796936 -3.70556 -2.92259 3.73413 5.70274 -0.863974 6.23459 3.95757 9.48498 -3.47749 1.21897 2.62314 -0.322453 -3.27307 2.64762 -1.18164 5.66818 0.520872 -0.343928 -4.22236 4.67047 -3.36729 3.33581 -7.00584 5.61027 -2.87426 1.31563 -4.65041 -2.21183 4.83073 -1.59152 -9.65476 -4.77658 0.358992 2.94623 3.3535 1.18941 1.32603 4.95488 3.49962 9.25211 3.50244 4.77316 14.5251 1.90034 8.7936 2.63942
layer: 0 neuron: 16 -6.42718 -4.26878 -8.72368 3.26581 1.10175 5.08888 6.11657 0.652792 1.79864 -3.98917 -2.66347 -2.76816 0.503396 0.073683 -1.72955 1.12003 5.19986 2.17491 0.306445 0.17957 4.00017 18.5314 10.1597 -0.164712 2.48456 1.48376 1.92918 -16.8893 3.42286 8.1283 -2.11469 0.490763 -2.8564 -2.14304 -1.52685 -7.04359 -5.46188 4.02863 1.30736 -7.56119 -0.946539 -5.20232 -11.6923 -1.01347 0.703011 1.12298 -3.77691 3.81759 7.1091 2.93559 3.76077 -2.65505 -3.52843 -9.62121 -0.185669 3.80361 10.8481 -2.24286 6.63059 1.98368
layer: 0 neuron: 17 -5.93627 -2.54431 -1.15636 -0.845647 -0.442735 -3.3926 2.27093 0.766911 -1.29215 -7.67236 -1.78363 -8.5764 -3.16572 -2.15014 -2.18231 -4.51714 5.00974 -2.16022 1.72692 -2.78518 4.55477 3.60728 7.45567 -2.2538 5.79374 -2.5212 1.54129 -6.66134 3.46488 4.73418 -0.0131885 0.274555 -0.823049 9.67772 1.40878 -6.04765 3.45164 -2.21196 2.0244 -7.26783 0.762192 -6.49486 -11.941 3.13482 1.89763 1.67418 5.54347 4.41654 -3.42778 -1.61038 1.94763 7.19138 8.18439 2.06368 8.45362 0.519419 5.35617 10.4671 -2.2709 -6.56011
layer: 0 neuron: 18 4.76209 3.12367 4.46361 -1.80867 1.52352 -0.356106 6.29105 0.531923 -1.63624 2.66639 2.06732 -0.173417 1.88688 -0.792832 -4.55744 -3.02633 2.14612 1.4541 -0.0523214 0.513434 0.59957 -6.58751 -5.65684 -2.04369 -4.95227 2.29519 0.264756 5.96363 -3.84873 -0.645041 1.98203 5.17022 0.728838 -5.84113 0.0655579 5.94991 4.3315 -4.82621 -0.0429872 4.78924 3.80134 0.121838 4.78709 6.67694 -0.254545 -3.40552 4.03526 0.496609 -5.1652 -1.58845 1.32781 -5.58835 -5.25941 0.777499 -3.33664 -2.38995 0.780919 -5.11012 -1.82411 -1.49112
layer: 0 neuron: 19 9.00048 -0.871099 -2.49025 4.04673 5.33046 2.69769 -1.8282 -6.19041 -7.4758 13.1625 -3.83594 7.25678 3.31126 -0.524632 5.13773 4.7032 -3.15625 1.94504 -0.845687 -2.42449 -4.14197 -11.2003 -1.29195 6.1513 -5.54693 1.17433 -1.93386 -1.80014 -7.41407 -1.44817 -0.460488 6.80337 8.92042 -14.6849 -5.73358 -1.88491 0.99149 -7.05297 -8.34087 -0.271346 7.55937 -9.64595 5.37577 -7.89378 4.64378 -6.1598 4.56969 -7.57678 4.1921 5.67964 -1.08404 -13.7562 -10.8034 -2.25164 -8.22447 -0.879137 -5.73171 -10.0907 -3.55973 -5.52488
layer: 0 neuron: 20 -3.71657 -3.70442 13.436 9.41876 -2.74292 -5.29631 -10.4514 2.56066 5.86311 5.81705 -5.76811 -3.83378 -0.613564 11.0772 -0.513665 5.1994 -7.78927 0.552494 8.40231 3.39911 5.87309 -13.3822 7.17064 -0.0361353 15.5159 -2.93262 3.3582 12.8086 -4.93857 1.17259 -1.01563 1.72214 -5.02195 28.9567 1.90764 0.151965 7.80016 -0.67419 -6.4082 -4.52703 7.09943 -3.80176 8.53946 -19.7971 5.29389 -3.48189 -0.860704 -0.320584 11.6194 -6.95873 -10.0439 29.1078 28.4338 6.06832 19.6015 0.482861 5.89899 26.6115 4.99617 5.59532
layer: 0 neuron: 21 0.309876 0.402351 0.432051 0.560448 0.556517 -1.80602 -1.46615 -0.865379 -1.6223 1.97949 -0.0664713 2.4115 3.17648 3.83816 0.497857 1.74249 -1.62714 2.41599 2.14548 0.886734 -1.43816 -0.962407 2.02496 1.22813 22.6103 -4.96689 0.651595 -4.54452 0.180874 -1.1142 2.90383 0.248251 2.12997 42.8234 -0.762131 -0.993297 -4.40509 0.779841 -4.00236 -1.37143 -0.271485 1.96956 2.76401 -6.85323 0.218719 0.856723 -2.98234 -0.0771407 3.09206 -0.822477 -1.33181 42.0974 40.6604 -3.35937 31.592 -0.422527 3.56466 40.0917 2.6016 2.26048
layer: 0 neuron: 22 -1.22053 1.97626 0.269611 -1.99385 -1.9497 -2.83917 1.91036 0.851083 -2.45556 1.26407 -3.22918 0.560539 1.82055 -0.728333 -1.43464 -0.544242 -1.47514 2.32808 -0.190091 -0.305438 -0.18039 0.0757397 -0.893232 -3.30081 20.8419 -5.47391 -1.04817 -1.92773 -1.85068 -0.795937 2.69768 -1.36019 0.291223 43.8807 -2.83115 0.701673 -3.17049 0.740207 -4.11806 -0.136323 -1.56899 -2.94662 0.981718 -1.88389 -2.31435 -2.7965 -0.233095 0.539444 -0.237304 -4.08536 -1.87776 43.175 41.3936 -2.51932 32.9457 -2.54055 3.19619 40.9642 1.01489 0.137396
layer: 0 neuron: 23 1.32511 1.06692 0.724777 -0.928646 -1.17066 -0.0335406 -0.971804 -0.792936 -1.42454 1.45686 -1.91766 0.731491 -1.00543 -1.23925 -0.976754 -3.03456 -1.46579 -0.173509 0.273402 1.20289 0.592647 1.88583 -0.262153 -0.725708 20.7003 -2.63778 1.31857 -2.49572 0.739456 0.479383 3.05683 -2.82681 0.813994 44.2063 -1.29737 -1.91855 -1.97264 3.0213 -1.17215 1.26515 -0.711989 -2.65595 -0.444369 0.206987 -1.59302 -0.607588 -0.0920143 -3.64731 0.988285 -0.75319 0.998324 43.3463 42.0978 -1.36587 32.9342 -3.33069 -0.111564 41.8735 0.0428237 -0.492966
layer: 0 neuron: 24 1.48767 0.801264 -0.213231 -2.17609 0.223418 0.250111 1.16369 0.144932 -1.19548 2.14821 0.362842 -0.251164 1.35754 -0.079804 -1.23868 -1.53536 -0.211078 0.716532 0.262401 1.62139 0.124106 1.49763 0.623828 0.0473348 20.917 -2.40313 0.470715 -3.57725 0.936316 0.229643 3.16748 -0.099559 2.08353 46.043 -1.0423 -0.231337 -1.77754 0.863068 -1.55408 0.720072 -0.140998 -0.789794 -1.08504 0.836146 -1.52249 -0.735055 -0.219126 -0.659907 -1.77722 -0.712186 2.04477 45.1362 43.9629 -2.77561 34.3899 -1.84123 0.0363681 43.677 0.148112 -0.884327
layer: 0 neuron: 25 1.24843 0.082229 1.32251 -0.590921 0.15858 0.808538 2.23774 0.586324 -0.526151 1.27096 0.403304 0.879652 2.94265 1.23614 -0.631747 0.560454 -0.0935819 2.40111 1.47143 1.2662 1.02061 -1.98797 -0.199112 1.16031 20.6835 -2.17151 0.435653 -1.95411 -0.183788 -0.957467 2.99059 1.73017 1.95999 45.9573 -1.13391 0.219318 -1.41812 -0.652251 -1.61355 -0.0309815 1.19864 0.475076 0.956516 -0.569817 0.46485 -0.658199 -1.1487 -0.528789 0.553308 -0.715754 1.41475 45.1493 43.51 -2.23275 33.8876 -1.07783 1.67245 43.4885 1.3836 -0.625972
layer: 0 neuron: 26 1.33766 0.393848 1.05046 0.378294 0.0620306 -0.0792384 2.11697 1.39518 -0.717148 1.77334 0.833769 0.299734 2.43437 1.37857 0.0391688 0.566384 -1.13608 1.47112 0.944487 1.69904 1.05327 -1.21657 0.465047 0.667359 20.9457 -1.43257 0.562088 -1.11607 -0.673967 0.153785 3.16685 1.43501 2.17047 46.665 -0.641378 0.117503 0.350493 1.68016 -1.27689 -0.0274174 1.04631 0.452898 0.349559 -0.532977 0.230456 -1.03614 -0.437965 0.0309058 1.09303 -0.257124 1.02285 45.854 44.0931 -1.06379 34.0929 -0.413392 0.641149 44.049 0.976629 0.213323
layer: 0 neuron: 27 -1.11664 -3.77175 -2.88838 4.18408 -1.21702 5.81764 -6.79043 -4.55204 -1.0273 -1.17834 1.91727 1.84312 -3.28847 -0.445587 4.18872 0.556566 -3.40702 -0.48133 2.06057 -2.22127 -1.44355 -1.04255 8.99742 5.40291 19.2882 -2.24196 2.38578 -3.18316 1.74662 -0.0729402 0.928575 -1.63171 -0.00779327 38.8041 0.504076 -10.3176 -1.91991 -1.42821 -1.91983 -3.30497 4.33926 -5.77381 -3.46995 -6.06728 0.866329 0.309139 2.23809 -7.16038 -3.32516 1.64679 0.753699 37.9957 36.2168 2.80412 27.8398 0.689941 -0.694802 37.1205 4.98821 -4.44412
layer: 0 neuron: 28 0.294719 -1.74809 1.05335 0.447134 -0.669753 1.5101 -0.364845 -1.24687 -1.77289 1.19099 0.993593 1.49941 1.8323 1.48223 -0.0370598 -0.945927 1.65998 0.186627 1.69526 0.216095 0.343435 4.13434 0.825673 2.65936 19.6494 -2.86519 1.20682 -3.65711 1.58101 0.873774 3.57616 -0.42743 0.826342 38.7369 -1.08652 1.09274 -1.84838 1.26137 -2.62434 -3.11865 -0.305052 0.0921932 -0.0604388 -3.29158 0.192321 1.91727 -0.323654 0.00360777 2.17278 0.15738 0.298968 38.0205 37.1375 -4.39987 28.8505 0.135066 -0.703948 37.5299 0.505138 -0.929501
layer: 0 neuron: 29 -5.30769 -0.385292 -0.606388 -0.120138 0.592986 2.70378 6.52564 0.559071 -2.65121 1.35489 5.39977 8.01315 6.27458 -1.13505 2.55248 2.46741 4.11629 0.877094 0.805305 -0.201332 -4.69039 4.789 -1.19265 2.2685 18.8742 -3.12044 -0.0503608 -6.86859 -0.625872 -0.315461 3.89075 -0.177425 2.69529 38.1521 -3.83669 6.62259 -6.3521 -4.83125 -4.2879 0.0606751 2.16797 1.1065 4.38283 -1.31993 -1.13037 -0.621272 3.11959 -0.122558 -5.62489 -0.242015 2.37829 37.4701 35.9948 -3.60637 29.5358 3.15456 3.04832 37.5299 3.50344 -3.91368
layer: 0 neuron: 30 -3.06789 3.27482 -0.223617 -1.92894 1.35985 2.60107 5.30785 4.973 1.55221 3.72441 -0.559162 8.66633 6.08074 -1.08903 3.80246 6.5634 5.27387 3.35186 0.777948 0.24938 -3.10121 3.52322 -1.76691 0.633747 12.3757 -1.08521 3.60296 -6.63511 -3.19808 -3.74993 -1.84361 -5.23244e-006 -0.511278 30.8294 -3.64555 7.5901 -5.37943 -4.006 -3.64901 1.47662 5.61491 -2.66232 10.9494 -1.04614 -0.41651 0.404414 -0.4813 0.66835 -5.21979 -0.285657 -0.0243174 30.1947 28.4467 -2.53696 22.5605 5.94269 1.52215 29.6647 6.15593 -1.75298
layer: 0 neuron: 31 -4.24568 3.16533 1.71191 -2.19156 0.806129 0.113372 2.81686 7.38433 1.11578 2.66112 -1.3848 7.09872 6.57759 -2.57305 2.64052 5.95228 1.99913 4.81947 -0.0402328 0.355546 -1.6779 1.28159 -4.29904 -0.462049 14.3263 -2.54918 2.9265 -6.45772 -4.40836 -4.13294 -1.15755 -0.278633 1.1198 33.5232 -4.33929 5.2372 -4.77132 -1.60769 -4.60878 0.0171044 2.85082 -1.92509 9.38368 -1.98872 0.250501 -2.76424 -1.44188 -1.03917 -1.13564 -1.98514 -1.00737 33.1634 31.4155 -4.07657 24.9736 3.03179 0.187289 32.2307 4.28648 -3.35636
layer: 0 neuron: 32 1.10457 -1.89258 1.59173 1.8241 -0.65897 -0.840525 -1.15653 -3.26272 -4.04947 4.24023 3.02147 1.97092 1.14606 1.01941 1.8571 0.76348 -3.93355 1.36493 1.75661 3.06734 1.80241 -0.094124 0.452187 3.48746 20.73 -1.30037 0.0693267 -1.5647 2.77752 0.609981 4.28406 0.217093 4.23465 41.3175 0.183121 -4.43086 0.346413 3.63582 -1.2853 -2.62813 -1.27965 2.78952 -2.7101 -2.10754 1.2688 0.655981 1.34132 -1.68063 8.01512 1.27548 1.26711 40.7245 39.1685 -3.58393 30.39 -1.98381 -0.771972 39.6377 -0.526288 0.462503
layer: 0 neuron: 33 0.329916 -1.7277 -0.877726 -0.465114 -0.258675 -0.895499 0.604622 -2.27343 -1.91012 5.10515 0.64278 -0.0752084 1.23214 3.09648 2.59429 3.99897 0.688515 2.06013 2.69675 0.221732 0.625817 -0.293852 5.0167 3.12604 18.553 -0.336361 1.55093 -1.12188 3.98439 1.12147 -0.0152068 1.63657 0.841816 39.2641 -0.941099 -2.67106 0.783932 0.0857484 -1.25213 -2.07548 3.06576 -0.0150472 -1.36051 -3.61463 2.76262 0.703379 4.92502 0.310142 -1.46501 1.56479 0.513534 37.9968 36.3779 3.4678 28.3442 4.38458 2.42856 37.4 2.82965 1.5307
layer: 0 neuron: 34 7.63625 8.41868 -24.7668 -6.92374 -1.59355 8.07646 -0.24011 -9.62469 -5.15339 4.94996 -2.62942 -1.53827 -8.4624 -9.08715 13.9029 9.32496 4.32627 7.67467 -6.86166 -6.20721 -3.22175 14.4073 13.5383 2.00567 12.4581 -1.423 -1.70156 -11.7205 14.0271 -7.45157 0.0483378 -4.60907 -5.62338 26.1867 1.47086 -23.3918 -8.4616 0.00937524 6.54564 1.72915 3.36095 -3.416 -15.4217 11.3626 6.42592 16.0289 2.71215 -0.0437876 -7.72377 11.015 6.44425 25.9521 24.4518 -2.32209 20.2165 7.75158 -0.535841 24.7688 3.85728 5.04913
layer: 0 neuron: 35 -0.456163 -3.90782 3.00895 0.439068 -4.36827 0.869076 14.6741 5.18882 -1.62582 -1.15203 1.32711 -6.11447 7.59734 -3.34533 -6.59909 -5.96744 10.9902 -3.38196 -1.0989 -2.01004 1.38664 -0.125798 -3.08665 -10.9414 -9.19978 8.43468 -3.12069 6.98001 -9.22386 7.94766 -5.09682 6.18911 -6.72228 6.32317 -7.84178 21.6395 1.81508 -2.03503 5.78029 7.15319 4.98302 -8.13214 -4.2884 6.8298 -10.2068 -4.07527 9.11371 4.0675 -3.80046 -2.29245 -1.03125 6.30626 4.88885 -1.94168 0.666234 -6.68142 -2.40013 6.70107 -10.5461 -8.35066
layer: 0 neuron: 36 1.77268 -6.22536 1.6592 -0.506045 2.35106 1.13774 -3.42377 -2.94123 8.54525 -6.12658 -4.3748 8.77961 -0.363845 -3.11733 4.67111 2.39033 -5.81331 -1.29139 2.36355 5.02335 5.3466 -3.83601 3.27097 8.20041 11.0127 -0.86779 7.29901 2.84237 0.944648 5.87961 1.49298 -0.138724 -3.08433 27.8309 5.45507 -2.26159 -0.779266 -0.418536 3.00761 -5.87934 0.790926 -7.5985 5.03379 -1.41872 -3.31528 1.55699 -2.65779 -4.65682 11.8203 1.96362 2.47406 28.0283 25.9252 10.6636 20.1997 1.70676 -1.22895 27.6892 2.15881 -3.8423
layer: 0 neuron: 37 0.484572 -7.11454 3.04806 0.779096 1.71004 2.51764 -1.00066 -1.1347 10.1756 -5.59856 -4.428 8.72513 -5.63883 -2.64412 4.49787 4.43538 -8.84688 -1.7005 -0.0376458 10.0229 3.58384 -2.62064 -2.26502 9.07713 16.3073 -2.19334 2.34656 9.86321 -2.86804 2.88639 10.3992 -0.713944 -2.43258 34.8794 6.58454 -3.68854 4.81699 -2.74384 -0.550103 0.217884 -0.839576 -5.09275 10.0858 -1.59259 -1.21561 -3.30877 -8.49201 -4.97797 10.8338 2.99697 1.37585 35.2254 33.8262 11.8302 27.3694 3.17985 -1.19406 34.399 4.86018 1.96304
layer: 0 neuron: 38 -7.09877 -1.36563 11.9814 8.40926 3.33949 7.55284 -5.89648 4.07146 6.19082 -13.025 -0.593052 6.8848 -4.97104 6.931 -6.38853 -3.05637 -8.63231 -5.66408 -0.242318 9.79812 2.4221 -5.61277 -10.7552 8.59461 -1.0241 3.66319 8.1597 16.3408 -8.04804 -5.88657 1.60139 -3.02403 6.40615 8.49576 8.92366 9.07931 10.44 -4.99301 3.71854 -0.164375 -3.53805 3.95208 14.0517 -1.81683 6.03657 -2.58927 -20.1754 -1.85934 9.40917 0.945313 -2.05449 11.3744 6.96982 3.94982 3.95388 -5.26634 1.85826 9.55644 11.9813 6.7005
layer: 0 neuron: 39 -0.429092 4.27144 -6.11856 1.10748 -3.32607 -3.61677 6.6198 -2.18646 -0.498966 2.4847 -5.29243 2.40211 -5.44528 1.66612 2.35294 -1.08423 -5.56741 1.96992 -1.91543 0.983533 0.570574 -3.38 -5.14217 -1.71849 -4.18181 0.779 -3.75816 8.94777 2.94323 -4.01056 -0.204878 -2.18066 -2.8484 7.7013 0.342914 -0.239205 -3.3528 5.94792 3.60342 3.87459 -1.29818 -1.33827 -1.0365 3.84308 -5.79322 -0.1258 -3.83144 -0.965468 8.5474 1.12963 -8.16584 9.6869 6.05777 2.35087 3.09414 -0.960825 9.36665 7.5007 0.734796 8.86936
layer: 0 neuron: 40 3.92919 2.80014 -16.2083 0.740723 -3.82676 6.46404 5.16087 -8.34666 -6.15519 7.16691 4.74092 -4.01683 -2.24366 5.30169 8.6055 8.23962 2.5753 4.52691 -3.14356 0.184976 -7.2275 8.23596 14.1085 -6.60149 14.5484 3.71915 -7.2121 -3.0053 10.0952 4.2504 5.97019 -0.856992 -1.54739 27.5655 -0.798947 -9.91669 -5.69324 9.96499 4.3117 8.9998 2.79609 -2.49793 -14.1445 4.67709 -0.519232 3.89371 8.09847 -1.46379 -3.33127 7.92196 -0.726278 28.3761 27.096 -3.66351 21.2151 3.30688 11.084 26.1785 4.19967 9.47983
layer: 0 neuron: 41 -8.82366 -7.29952 -5.85879 -2.59656 -4.07496 5.03715 -0.255649 -14.9946 -12.9506 7.302 7.08334 -4.70249 0.097177 7.61215 7.97873 9.57947 0.245092 -0.951176 12.277 -5.26606 -1.60059 -0.224276 30.1784 7.11648 -9.4894 -0.889297 3.89149 7.69088 15.3757 5.14594 -8.09055 -3.89672 1.04818 -30.2672 -0.48489 -11.7659 6.73478 -7.69329 -7.896 -10.2524 12.8427 -2.30466 -16.1279 -12.5702 8.12545 6.5356 15.6837 4.98054 -9.41531 -4.20494 1.07364 -29.967 -29.7007 8.30777 -21.0036 11.1727 3.43712 -27.5965 4.54254 3.5823
layer: 0 neuron: 42 -7.19195 -3.35616 -2.13533 2.34927 0.374766 -4.8419 4.28314 1.08375 1.56218 -0.104172 -1.20433 11.0798 9.74835 3.70352 4.83528 4.75217 2.17619 2.80661 1.96525 1.66313 -1.44768 2.03469 -0.460094 -1.14758 10.8369 -3.02792 1.40573 -8.92924 -1.8024 7.81823 5.77309 2.59632 4.95942 -1.51172 -4.82918 5.98574 -8.56678 9.04591 -2.09821 -0.524638 0.730437 -2.00352 2.86937 -8.16103 -8.24948 -3.23468 6.05316 -0.716027 11.4864 -1.03366 -2.64146 -3.16143 0.677777 6.36514 1.91566 2.9661 4.67048 -0.528448 -1.31254 -2.30441
layer: 0 neuron: 43 -1.65229 1.24842 -0.758688 -2.51427 0.585567 -13.3055 8.25074 2.47209 0.367434 1.8178 -16.3909 13.8137 -1.62677 -3.92547 1.885 7.08782 -7.41735 2.25706 -1.64691 3.81847 4.0986 -3.77297 -13.2669 -0.476101 2.49374 -7.45907 -2.1521 -3.2809 -7.30913 -7.91837 5.40713 2.24021 2.60708 -8.42111 -0.200423 7.98093 -6.65553 1.65373 -3.73925 2.45066 -2.92424 -16.86 10.424 -2.82752 -6.74648 -10.7733 -8.19057 -6.68954 26.4179 -2.12359 -9.0477 -8.39673 -7.95604 -2.38109 -2.87599 -8.92154 5.07521 -8.28633 -4.8573 4.07045
layer: 0 neuron: 44 6.54614 7.48792 3.36077 6.87575 -0.0391268 -2.73477 3.27868 0.526323 3.46186 2.8866 -7.56514 4.29187 -1.67828 -2.89964 1.80141 -0.346013 -6.33529 -0.254057 -2.95486 9.65651 5.12406 5.67681 -9.42422 0.342735 5.1393 0.179552 -4.06688 -4.88401 -7.93701 0.901191 14.3171 -1.65714 2.69956 -4.04675 -0.0185055 0.9786 2.18606 7.8823 -4.05619 9.63815 -6.33847 -8.74088 8.03995 0.510817 -1.15512 -3.2942 -13.4612 -4.44896 27.3512 4.22652 -3.39974 -4.5804 -0.00901174 -0.797162 0.820949 -7.13935 -1.94199 -2.20653 -0.616362 5.38201
layer: 0 neuron: 45 0.583384 1.04105 5.49174 5.17712 3.12269 7.26841 -2.48932 2.39539 1.5547 0.524443 3.26757 -0.359572 5.25924 -1.73771 -7.2404 -11.7055 6.9412 -0.245682 1.61015 2.53637 1.99139 7.02828 5.56865 5.16688 -10.6199 -0.399583 1.7847 -9.81516 0.320922 4.18473 -2.12394 0.40062 -2.84109 -23.3032 1.44691 1.97496 -8.80237 -4.42126 -2.82163 -4.96297 -4.77773 -3.77192 -0.171968 1.15548 -3.79903 3.31055 -8.77957 -1.26063 7.6942 0.0289278 3.05176 -23.0508 -18.7177 -10.8513 -16.1427 -4.29432 3.23409 -19.4484 5.58369 -6.37817
layer: 0 neuron: 46 -7.03731 -1.28474 7.59554 5.00283 -0.845607 7.09112 -6.48464 6.38653 1.62364 -0.328265 10.537 -5.32093 8.79111 3.33181 -8.69726 -4.44149 6.75257 -1.37212 4.3075 -0.692092 6.50243 -1.63399 10.3583 8.03788 0.294916 -3.9063 2.28964 -12.7499 4.67551 -2.46991 -0.174111 0.822136 -1.60272 -12.5906 -1.22616 2.82891 -7.75623 -6.43063 0.19348 -14.7441 -1.72666 0.397475 -6.18935 -0.716149 4.77753 7.60545 -4.0932 0.182897 3.39216 -1.20225 6.56258 -11.8669 -9.14011 -11.8279 -7.78457 -1.99357 6.74261 -8.36407 4.24241 -8.57875
layer: 0 neuron: 47 -8.92157 -0.935547 -4.14486 -6.24997 -3.18505 3.00363 5.25934 7.18663 2.10515 3.05395 -3.74627 -6.16706 6.76746 -0.486987 2.41681 6.71845 1.7702 2.7132 1.27515 -6.77103 0.970025 -1.6612 9.45619 -4.06972 -12.2994 0.505105 -0.202863 -6.54863 1.43256 -4.195 -5.64226 -2.39519 -1.43398 -27.6594 -11.5075 1.45779 -4.39628 3.0565 -4.29858 -4.53796 5.45791 -4.26757 -6.36844 0.97076 7.31424 1.13847 8.5478 4.71262 -9.52798 -1.69859 5.13919 -27.5547 -26.3377 -3.05618 -18.2122 10.7248 4.12426 -25.0429 0.333722 -5.87172
layer: 0 neuron: 48 -1.63233 0.414365 0.743753 1.06991 0.272361 0.783016 -1.62913 -0.210717 1.8324 -0.930338 -0.0646034 0.280798 -1.13121 -0.651961 0.72041 0.0751061 1.94571 -0.88669 0.340525 -1.2268 0.124695 1.24701 0.56485 0.183506 -20.7534 1.92577 -0.0419167 1.99313 0.779732 0.296764 -2.80084 -0.930756 -1.81277 -47.7381 0.915422 1.13435 0.362174 -1.30456 1.3623 0.172948 -0.235345 -0.107262 0.745974 0.511397 0.818601 2.01524 1.09652 0.91324 0.435802 0.204906 -0.52716 -46.8999 -45.0598 1.84612 -34.7793 1.19464 0.388992 -45.0396 -0.25896 -0.41513
layer: 0 neuron: 49 -1.34491 0.701789 1.03118 1.35734 0.559784 1.07044 -1.3417 0.0767064 2.11982 -0.642914 0.22282 0.568221 -0.843787 -0.364538 1.00783 0.362529 2.23313 -0.599267 0.627948 -0.939377 0.412118 1.53444 0.852274 0.470929 -20.466 2.2132 0.245507 2.28055 1.06716 0.584188 -2.51341 -0.643332 -1.52535 -47.4507 1.20285 1.42178 0.649598 -1.01714 1.64973 0.460371 0.0520781 0.180161 1.0334 0.798821 1.10602 2.30266 1.38395 1.20066 0.723225 0.492329 -0.239737 -46.6124 -44.7724 2.13354 -34.4919 1.48206 0.676416 -44.7522 0.0284637 -0.127707
layer: 0 neuron: 50 -1.29593 0.750771 1.08016 1.40632 0.608767 1.11942 -1.29272 0.125689 2.16881 -0.593932 0.271802 0.617203 -0.794805 -0.315556 1.05682 0.411512 2.28211 -0.550285 0.67693 -0.890395 0.4611 1.58342 0.901256 0.519911 -20.417 2.26218 0.294489 2.32953 1.11614 0.63317 -2.46443 -0.59435 -1.47637 -47.4017 1.25183 1.47076 0.69858 -0.968154 1.69871 0.509353 0.10106 0.229143 1.08238 0.847803 1.15501 2.35164 1.43293 1.24965 0.772207 0.541312 -0.190755 -46.5634 -44.7234 2.18252 -34.4429 1.53104 0.725398 -44.7032 0.0774459 -0.0787243
layer: 0 neuron: 51 -1.62257 0.424131 0.753519 1.07968 0.282127 0.792782 -1.61936 -0.200951 1.84217 -0.920572 -0.0548375 0.290564 -1.12144 -0.642196 0.730176 0.0848721 1.95547 -0.876924 0.350291 -1.21703 0.134461 1.25678 0.574616 0.193272 -20.7437 1.93554 -0.0321508 2.00289 0.789498 0.30653 -2.79107 -0.92099 -1.80301 -47.7284 0.925188 1.14412 0.37194 -1.29479 1.37207 0.182714 -0.225579 -0.0974966 0.75574 0.521163 0.828366 2.025 1.10629 0.923006 0.445568 0.214672 -0.517394 -46.8901 -45.0501 1.85588 -34.7696 1.20441 0.398758 -45.0299 -0.249194 -0.405364
layer: 0 neuron: 52 -1.26629 0.780404 1.10979 1.43595 0.6384 1.14906 -1.26309 0.155322 2.19844 -0.564299 0.301436 0.646837 -0.765171 -0.285922 1.08645 0.441145 2.31174 -0.520651 0.706564 -0.860761 0.490734 1.61305 0.930889 0.549545 -20.3874 2.29181 0.324122 2.35916 1.14577 0.662803 -2.4348 -0.564717 -1.44673 -47.3721 1.28146 1.50039 0.728213 -0.93852 1.72834 0.538987 0.130694 0.258777 1.11201 0.877436 1.18464 2.38127 1.46256 1.27928 0.801841 0.570945 -0.161121 -46.5338 -44.6938 2.21216 -34.4133 1.56068 0.755031 -44.6736 0.107079 -0.0490908
layer: 0 neuron: 53 -1.47638 0.570315 0.899703 1.22586 0.428311 0.938966 -1.47318 -0.0547673 1.98835 -0.774388 0.0913462 0.436747 -0.975261 -0.496012 0.87636 0.231056 2.10166 -0.730741 0.496474 -1.07085 0.280644 1.40296 0.7208 0.339455 -20.5975 2.08172 0.114033 2.14907 0.935682 0.452714 -2.64489 -0.774806 -1.65682 -47.5822 1.07137 1.2903 0.518124 -1.14861 1.51825 0.328897 -0.0793957 0.0486871 0.901924 0.667347 0.97455 2.17119 1.25247 1.06919 0.591751 0.360856 -0.371211 -46.7439 -44.9039 2.00207 -34.6234 1.35059 0.544942 -44.8837 -0.10301 -0.25918
layer: 0 neuron: 54 -0.885576 1.16112 1.49051 1.81667 1.01912 1.52977 -0.882369 0.536041 2.57916 -0.18358 0.682154 1.02756 -0.384453 0.094796 1.46717 0.821864 2.69246 -0.139933 1.08728 -0.480043 0.871452 1.99377 1.31161 0.930263 -20.0067 2.67253 0.704841 2.73988 1.52649 1.04352 -2.05408 -0.183998 -1.06601 -46.9914 1.66218 1.88111 1.10893 -0.557802 2.10906 0.919705 0.511412 0.639495 1.49273 1.25815 1.56536 2.76199 1.84328 1.66 1.18256 0.951663 0.219597 -46.1531 -44.3131 2.59288 -34.0326 1.9414 1.13575 -44.2929 0.487798 0.331628
layer: 0 neuron: 55 -0.838719 3.75783 4.99577 -3.81984 -3.73822 6.34419 5.50757 -0.680674 3.89518 1.55521 -1.43137 -0.351446 -0.264513 -2.14582 2.45348 -0.547607 -3.26347 0.336537 0.947758 2.43054 1.77827 -4.58068 -3.50161 4.30489 -3.38397 -1.74783 0.353824 4.54698 -1.71877 -1.82253 7.46886 -2.64922 -2.0095 -6.85233 -0.441122 -1.49288 2.39674 1.08003 0.74423 3.30708 1.92739 -2.0177 3.22216 6.07986 5.90709 1.09552 -6.58564 -4.11182 2.10441 -0.0655807 3.6549 -7.9488 -4.69316 6.7406 -1.58491 0.142985 -2.46395 -4.59514 4.8301 -4.34994
layer: 0 neuron: 56 7.38248 -3.70821 -2.1126 -2.04405 -3.28049 3.33024 -0.906403 -1.26575 1.86249 0.20381 -0.342706 5.34492 1.31364 -1.8208 1.18163 4.24182 0.925198 1.36854 -3.35934 -3.26756 -3.32278 -7.35066 0.274768 1.47144 -10.7741 -2.59719 5.87574 -3.9509 -2.74913 0.562456 -1.60231 3.48299 -10.1109 -22.7891 4.63222 3.03788 -0.458697 -5.93795 2.59413 -8.50308 5.94389 1.3577 8.83938 2.21302 -3.12273 5.59158 3.18133 0.383806 -12.2244 -2.23654 2.51814 -22.5401 -22.3492 -3.57996 -18.0614 8.99399 -2.14945 -21.2169 6.44988 1.55964
layer: 0 neuron: 57 14.0432 -3.49643 -7.78023 0.581345 -1.1464 -5.93146 3.85134 -6.832 -4.85152 1.1654 1.8236 8.67706 3.09474 7.0244 -2.60995 0.674844 -0.0206172 10.4533 -0.370878 3.16782 -1.63306 -11.41 -7.67671 1.56624 -3.9755 -1.18924 -5.36114 -3.00922 -4.18822 -1.32516 4.91313 7.35986 7.31584 -15.5913 0.597174 -9.33902 -2.67643 -12.5799 -3.8792 3.39487 3.35856 -0.365857 0.819424 -2.70862 -3.22704 -5.67818 -9.51016 -11.3653 -5.78541 4.41129 0.50471 -15.0402 -14.4197 -1.44801 -7.60447 -8.72983 11.4251 -14.2921 -1.17303 4.02594
layer: 0 neuron: 58 6.42756 0.318573 -5.87422 -6.80092 -0.408154 -3.07502 -2.05357 -7.02876 -5.85072 0.412458 -1.90775 4.19873 -6.21816 1.13846 -0.412823 -1.08562 -4.86058 5.13871 -0.791667 4.11366 -1.33249 -3.59978 -5.60633 -0.269818 -3.74799 -2.64862 -1.04479 -3.09443 5.3452 -5.09789 4.46283 -0.0985413 9.2232 -18.0085 -0.594276 -14.8252 -3.81707 -0.66799 0.224288 9.29675 0.145068 -2.13053 -6.20541 1.35134 -2.36341 -6.7448 -5.22337 -12.0602 -5.11427 2.50642 0.750907 -17.5154 -16.7715 2.402 -7.88474 -10.9141 4.62469 -16.503 -0.740557 3.60208
layer: 0 neuron: 59 4.09677 0.0978754 -3.61364 -5.66538 -4.22972 -1.08908 -0.909571 -1.85621 -6.89925 4.86433 1.32471 -0.887477 -3.96842 4.02832 2.78382 2.41342 -8.74744 4.63517 2.77935 3.66665 -1.14689 3.81176 7.01355 -3.54455 -5.16493 -1.51321 6.48067 -2.87925 7.71798 -1.09051 0.530666 -1.33736 -0.481621 -19.6927 -0.0119702 -11.1324 -1.02062 12.7814 0.339756 5.25388 4.64165 -2.9421 -5.74475 -3.55106 -2.22891 -6.49314 1.73689 -4.67122 0.00764091 1.53868 -2.14421 -19.6142 -19.529 0.399958 -11.9853 -1.32096 3.55789 -19.6363 8.58849 12.4735
layer: 0 neuron: 60 -3.25462 -5.6039 -2.57136 -6.66832 -5.79431 3.25207 2.42661 1.71999 -3.98618 1.4171 0.474419 0.841706 2.30278 1.69572 7.25139 10.9728 -4.90866 0.354462 2.46841 1.89044 3.59115 6.96917 8.26939 -4.32549 -2.3312 -5.33088 10.9155 0.27808 0.1793 -3.62421 -0.239118 -5.55898 -5.95172 -15.9485 -2.02968 -1.09794 -0.694655 15.6549 0.545218 -5.40177 9.60167 -4.44672 -1.83836 -5.56271 2.11036 -1.01074 2.71895 5.65253 -1.5913 -1.72114 1.18162 -15.7232 -15.877 2.66472 -8.73762 11.7396 -6.5475 -15.3849 8.88934 6.4209
layer: 0 neuron: 61 0.812145 3.35617 -3.02705 0.858003 -0.185833 4.98757 -4.02966 1.99925 5.45315 0.999577 -2.29542 3.9977 0.946778 -4.23711 2.55702 -0.398868 1.90335 -2.29729 -2.90142 0.211336 1.70269 6.6308 -2.69811 -0.420696 -11.4618 5.04605 1.75493 -0.202306 -6.08582 2.85765 -1.01813 -3.81285 -1.12493 -26.093 -1.75242 -3.00194 0.983615 4.47815 -0.288032 4.59512 1.75246 -3.79658 3.92439 2.21312 -0.0749856 1.5462 0.330131 -3.6298 0.397864 2.48564 3.28667 -26.1066 -23.4268 10.1958 -17.6741 2.48727 -8.6459 -22.8266 -0.846605 -5.66969
layer: 0 neuron: 62 -1.22601 0.820689 1.15008 1.47624 0.678684 1.18934 -1.2228 0.195607 2.23872 -0.524014 0.34172 0.687121 -0.724887 -0.245638 1.12673 0.48143 2.35203 -0.480367 0.746848 -0.820477 0.531018 1.65334 0.971174 0.589829 -20.3471 2.3321 0.364407 2.39945 1.18606 0.703088 -2.39451 -0.524432 -1.40645 -47.3318 1.32175 1.54068 0.768498 -0.898236 1.76863 0.579271 0.170978 0.299061 1.1523 0.917721 1.22492 2.42156 1.50285 1.31956 0.842125 0.611229 -0.120837 -46.4935 -44.6535 2.25244 -34.373 1.60096 0.795316 -44.6333 0.147364 -0.0088064
layer: 1 neuron: 0 1.72397 -1.87536 2.5627 -1.76073 0.554548 -0.982538 1.21978 1.0358 -2.64352 -1.37691 0.890268 -0.3574 0.514936 3.03826 1.306 1.54622 -0.310423 -3.00307 1.50322 0.532526 -0.370923 -0.0748376 -1.49146 -3.44617 0.133709 -2.20778 1.53409 -2.67693 -0.421295 -0.257056 1.43652 0.904365 -1.30378 1.24539 -1.34005 0.473416 0.624805
layer: 1 neuron: 1 0.261 -2.04798 -1.63894 -1.46475 0.976449 0.363348 0.645739 -2.10966 0.16643 1.29514 3.07942 -0.240498 -0.620432 -0.0943459 -0.629882 0.110213 -0.172665 0.60235 1.61369 -1.71957 1.31857 0.353969 1.45682 1.26667 0.187829 0.537219 0.674678 0.673803 -1.72333 1.4996 -1.12497 -0.501937 0.113993 -3.09918 -1.38828 -1.66 0.365398
layer: 1 neuron: 2 -2.96782 -1.04021 -1.39482 0.259403 -0.741345 1.21468 0.351796 0.475034 -1.18926 -1.39256 0.336123 1.60489 -1.14607 3.06981 0.0799369 1.09906 -0.160642 0.295439 -2.00882 -1.04812 2.56871 -0.074842 2.30814 2.27403 -0.882988 0.966388 -1.83116 1.94123 -1.62314 0.0707562 2.41799 -1.43107 0.81013 0.515063 0.217593 -0.66813 0.271645
layer: 1 neuron: 3 0.698743 -0.868548 -3.48009 1.8422 0.639188 1.9791 -0.559489 2.13247 0.823069 1.05132 0.623905 -1.57203 -1.79105 -1.25484 -1.01779 0.101026 -0.726628 0.886835 -1.00579 1.07336 -0.711604 0.254946 -0.282008 1.5114 0.595539 -0.2255 -1.71341 1.04147 -0.727541 -1.82579 0.891811 0.0150109 1.22096 0.946375 3.2856 -2.75495 0.619556
layer: 1 neuron: 4 -0.319778 -1.72898 -0.215153 -0.0507683 -1.52268 0.443612 1.02017 0.310255 2.02868 0.0105201 -1.0528 1.04451 -1.91777 1.0123 0.334212 -0.156501 -1.47206 0.619008 1.28679 0.0849889 -0.0420005 0.0149378 1.02429 -0.972316 -0.587033 0.5304 -0.823209 -0.996482 0.455438 0.622993 -0.647832 -0.762143 -0.0310424 -1.04569 1.92516 -0.917395 0.523881
layer: 1 neuron: 5 -0.493836 1.3347 0.709756 1.09756 0.212172 3.86557 0.478719 -1.78878 1.49363 -1.41033 0.7935 -0.933591 0.45424 -2.55918 -0.949138 -0.298239 0.531167 -0.83206 1.68639 0.35347 -0.441935 -0.470789 -0.594859 -0.699163 -0.279847 0.315851 0.351978 -1.54119 1.31717 -0.0770797 -1.58288 -0.657556 -0.951008 2.41526 -1.48252 -0.818965 0.0229804
layer: 1 neuron: 6 -0.560807 4.10767 1.45325 0.666588 2.33707 0.165649 -1.15972 1.98875 -1.8015 2.26306 -1.00971 1.70314 0.296694 0.0718025 1.14343 1.0265 -0.30569 0.444929 -3.07988 1.19996 -1.9915 -0.756901 -1.77476 -2.59781 1.00887 1.51937 0.373078 1.08913 -0.105687 0.983022 -1.58456 -2.36112 -2.38754 -2.60994 -2.6477 2.16515 0.22071
layer: 1 neuron: 7 -1.09322 -0.279326 -1.28253 1.34372 -0.657503 1.22995 1.14613 0.456216 -1.28437 -1.511 0.533686 2.14432 -1.34805 0.738423 -0.836277 -1.2205 0.633801 2.70848 -1.91428 0.681894 1.03082 1.33488 -1.52981 2.93832 0.770645 -0.991683 2.42663 3.23122 -1.3243 -0.168579 1.6949 -1.87811 -2.4532 -2.13407 -0.269443 -2.17474 0.0476699
layer: 1 neuron: 8 -2.89657 1.0113 0.260624 -1.29938 -0.223798 0.15123 1.2147 0.531086 1.1916 -1.52796 0.635613 1.40951 -1.41062 0.408125 -1.6278 -1.22676 -2.40273 1.52771 1.76711 1.1281 1.32574 0.742154 1.65834 1.09236 -1.31352 0.159025 1.14193 0.874391 -1.23187 -0.778659 0.516447 -1.85252 1.27709 0.344802 -0.175067 -0.675687 0.290292
layer: 1 neuron: 9 1.2828 -3.41731 -2.63446 -2.33938 2.23507 -0.234356 0.920552 -1.74719 1.32782 0.846453 2.05444 0.282103 1.84253 -0.912388 2.08023 0.558843 1.15811 -0.150375 -5.03364 -1.02934 0.914028 -0.578076 -0.0491548 0.240835 1.94891 -0.616711 0.659911 1.26173 0.0375607 -2.35388 1.37293 1.48264 0.285598 -0.167571 -0.495088 -1.59762 0.940306
layer: 1 neuron: 10 0.398046 -0.913225 -1.88345 1.40656 -1.60412 1.48929 1.84642 -0.452614 2.72388 0.766471 -0.626077 1.82081 -0.403085 -0.245908 -0.307811 0.882519 1.29226 1.14025 -0.593081 -1.70156 1.47703 -0.561785 -0.559003 -0.657592 -0.139454 0.310396 -2.7412 -0.451283 1.20278 0.304684 -0.998824 -0.542538 -0.643127 0.532063 -1.56759 0.700916 0.711814
layer: 1 neuron: 11 1.74304 -0.826011 3.00712 1.33775 -0.934329 2.11203 -2.57718 2.24625 4.02102 1.1996 -0.959192 1.08831 -0.566283 -0.0703822 2.21443 -1.95285 -1.04638 -1.93216 -0.217369 -0.703968 -1.73661 -0.866474 -0.649532 -0.586897 -1.5388 0.4658 0.656485 0.439924 -1.19983 -2.38074 -0.949963 -0.508629 -0.631542 0.0318214 -0.833558 1.97172 0.167821
layer: 1 neuron: 12 -0.0724184 0.424957 1.48377 2.42884 -0.223935 -0.493957 -0.961389 0.960921 -0.714804 1.04634 0.496558 1.50733 -1.59728 0.956907 -1.64604 0.775184 1.37152 0.646488 -1.69286 -2.38388 -1.07202 0.0214699 -0.874418 -1.04486 0.541132 -1.3576 0.385743 2.34223 0.0896199 1.48714 -1.02127 -2.76839 1.10281 -0.759177 -2.61054 2.67573 0.182928
layer: 1 neuron: 13 -0.89847 0.395029 -1.32164 1.52345 -0.924896 0.0279368 -1.21613 0.461416 -0.454789 -0.531085 -1.99858 -0.579141 1.07101 -0.387402 -0.456625 -0.376361 0.376184 -0.803703 0.507365 -1.07124 1.27728 -0.546796 -2.17923 -0.854967 -0.608204 -2.2126 1.58831 1.39213 -0.0520002 0.929553 1.49783 0.99996 2.47473 0.91072 1.69964 0.872576 0.403638
layer: 1 neuron: 14 1.26501 0.628635 1.35006 -1.06025 0.14328 0.283952 -0.20003 -0.759222 2.11795 0.644866 -0.104391 -0.902114 1.63045 -1.58575 1.2557 -0.506006 -0.943916 0.135977 0.764208 -0.328162 0.85135 0.259021 0.0641707 -0.698348 -0.965411 1.5144 -0.544947 -0.6135 0.23049 -0.707313 -0.902543 -1.07733 0.179304 0.422983 1.46449 0.300757 0.196814
layer: 1 neuron: 15 -0.195736 0.36239 1.40996 -0.866352 -0.884969 -0.452305 0.625582 -0.804896 0.928175 1.03411 0.141509 0.977721 2.35351 -2.2714 1.59323 -0.701502 -1.96355 -0.0734441 1.38332 -1.19087 -0.0835238 -1.69131 -1.95027 -0.156799 -1.0895 -1.2592 1.93423 2.45937 0.192665 0.663133 -0.344901 -1.60978 1.31046 0.708433 1.52306 0.896367 0.191046
layer: 1 neuron: 16 -1.43618 0.577367 -1.10951 0.773974 -0.132881 -2.2052 0.273407 1.01427 0.776153 1.06588 1.17302 1.2358 -1.44481 -1.17713 -1.04687 0.508389 1.61249 -0.369657 0.866436 -1.12222 -0.225828 -1.36129 1.38054 -0.205748 1.92259 -0.884394 1.4406 -0.0921613 1.7847 0.203688 -2.1749 -2.32991 0.914247 0.272442 -0.574667 1.29442 0.367809
layer: 1 neuron: 17 -0.218751 -0.0701366 -0.0166451 0.157347 1.46928 -0.464188 1.32562 -1.00649 0.382677 2.13083 -0.886199 0.515204 -0.371214 -0.574632 -0.79768 -0.694047 0.0200623 -0.810479 0.449347 -0.0973061 -2.36181 -1.0805 -1.17377 -2.27414 0.978828 -1.62842 0.827848 2.03096 0.685372 -0.474635 -1.00341 -0.529098 0.546323 -0.606838 -1.03841 -0.313743 0.0170293
layer: 1 neuron: 18 -0.490212 0.718553 -0.544534 0.168393 -1.17151 -0.523771 -0.22837 -0.035057 -0.0828586 -0.396415 -1.81726 0.35368 -0.599531 0.640868 -0.297141 -0.229152 0.308026 -0.101897 -1.64809 -0.903632 0.728414 -1.2979 0.750021 0.574682 -0.299753 0.330415 -0.642012 1.05329 0.493804 0.706339 1.42149 -0.505358 1.67914 -0.376271 0.763264 0.559869 0.0576189
layer: 1 neuron: 19 0.265459 1.5558 2.00259 1.09774 -0.63027 1.4534 0.227208 0.294749 0.18362 0.0719397 0.164356 0.282385 1.32109 0.0588833 0.0167578 0.568112 0.346801 -0.0365846 -0.112287 1.50188 0.193207 0.480557 -0.517594 0.10256 0.321181 0.512161 -0.233414 -0.444529 -1.08477 -0.667615 0.798556 1.40711 0.361942 0.0877949 -0.229712 -1.75843 0.890316
layer: 1 neuron: 20 -0.709334 1.52543 1.67525 2.03519 0.583792 -1.18724 1.61954 -1.16543 -0.658231 -0.225617 0.757825 -1.0064 -0.452948 0.435889 0.475454 -1.2049 -0.658862 2.14578 0.158548 0.427119 -1.57084 -0.653719 1.711 0.300743 0.562114 -1.52596 0.718432 0.988676 0.0669199 -0.915256 1.41472 0.839597 1.2729 0.684432 -0.905707 -1.826 0.27073
layer: 1 neuron: 21 3.13487 1.17084 -1.24742 -1.23596 -1.2705 -0.464743 0.411737 -0.450886 0.556837 -0.102497 0.310039 2.60831 -1.9184 -2.02387 -1.61982 -0.808003 1.37818 -1.75191 0.925981 0.689072 -1.68178 0.00419343 0.148906 1.53263 0.511198 0.164323 2.47458 -1.50173 0.230313 -0.759144 -2.6236 0.0956974 0.164347 -1.24577 -2.43885 0.961131 0.769189
layer: 1 neuron: 22 2.01452 -0.75518 -2.02035 0.357918 1.14869 -1.80182 -0.0778826 -0.285019 2.0132 -2.712 -0.165975 -1.98722 1.37049 -3.026 -0.991729 -0.617638 0.725193 2.06974 -0.708823 0.785183 0.375531 -1.32317 -0.99637 1.85155 1.15039 -0.781041 0.722647 -1.75873 2.6418 -0.6187 1.499 0.252896 2.03597 1.74922 -1.48529 -0.714193 0.0299387
layer: 1 neuron: 23 0.201416 -0.180322 0.816495 0.856759 0.744645 2.21831 -0.95612 -0.125569 1.72778 -0.260092 -2.09261 -0.833501 -2.04415 -0.0343814 -0.0221028 -0.644131 -1.43059 0.364383 -0.308863 -0.013628 -0.234029 -1.23403 1.78092 -1.75461 -2.33623 0.166496 -2.02402 -1.64516 3.52784 -0.698179 0.209588 -1.30422 -0.499469 1.49266 0.936578 -1.38099 0.453475
layer: 1 neuron: 24 5.27059 3.28308 3.12137 3.34875 3.17408 3.16101 2.68161 4.40643 4.28589 2.85717 3.59379 3.68281 3.16901 3.68512 3.04325 1.74692 3.09481 3.55901 3.68154 2.81531 3.55235 2.56829 4.1407 4.83129 3.02167 2.96428 4.22281 4.26232 4.55624 3.01709 3.82903 4.49566 4.63399 3.83411 4.0594 4.40068 0.642903
layer: 1 neuron: 25 -1.9962 -1.76958 -1.86375 -0.836442 -2.27968 -1.70189 -1.3844 -1.70273 -0.921927 -1.8182 -2.3883 -1.77146 -1.39008 -1.505 -1.58454 -1.06312 -1.28331 -1.73265 -1.88131 -1.61209 -1.70113 -0.446582 -1.97366 -2.56136 -1.7413 -1.57407 -1.10192 -1.70474 -2.33498 -1.62255 -1.59372 -1.90634 -2.06614 -1.23428 -2.0617 -2.29208 0.961669
layer: 1 neuron: 26 0.251021 -1.89151 1.56916 1.82207 -2.17003 0.113917 0.020323 -2.80854 0.0348849 -2.02065 -0.892915 0.928284 -1.08306 0.501097 -0.461806 -1.86324 0.535173 -0.914805 -0.423034 1.28682 0.4911 0.556151 -2.04009 1.13515 -1.19867 -1.6405 0.807946 -0.748057 -0.357078 -0.612198 1.58204 -1.3879 -1.86115 0.43874 -1.46968 0.816394 0.0432142
layer: 1 neuron: 27 -3.24136 0.806573 0.87108 -1.55906 1.75083 1.38063 -1.17031 1.07173 -3.91605 0.250261 1.67505 -2.75465 1.27544 -4.73166 0.967058 1.0599 -0.273683 -0.936429 1.48477 -0.31787 0.635895 0.780073 -0.0293365 -0.628819 -2.15254 0.654447 -4.55074 1.65673 0.40025 -0.977897 -1.86315 4.2731 2.04471 2.20974 0.657549 0.614861 0.0886258
layer: 1 neuron: 28 0.712655 2.24425 -2.11919 -1.77943 1.71378 -1.81713 -0.371329 -1.86831 0.712359 1.28353 -1.84048 -0.0135806 0.838548 -0.131182 0.792715 -0.344694 0.593935 -1.97768 1.67961 -1.29648 1.25346 -1.88129 1.54964 1.85076 -0.712675 -0.841583 -0.698865 -1.03172 2.14161 1.02315 0.0303917 0.2782 -0.275937 0.140626 0.0210458 -0.998102 0.370495
layer: 1 neuron: 29 -0.977163 -0.0393338 -0.788824 0.00369293 0.479451 -2.42758 -1.63253 1.55469 0.77559 -0.893931 1.24006 -0.400212 -1.13865 0.189483 -2.96454 -0.189257 1.58712 0.00103118 0.449161 1.32369 -1.9537 -0.442566 0.33723 1.22391 1.26693 -0.532466 -0.216727 -1.01114 -1.64989 -1.55225 0.122231 1.75988 1.21244 1.80991 -1.27656 1.30688 0.905057
layer: 1 neuron: 30 2.34501 2.96616 2.20417 1.63182 2.02439 2.88998 2.16653 2.32191 1.0741 2.11952 1.98456 1.43796 2.91105 2.68713 1.84679 1.40859 1.52148 3.65777 2.82708 1.97939 1.76023 2.57855 2.51477 3.36348 3.1723 2.00814 2.02825 2.63613 2.57206 2.69425 2.08121 2.9898 2.61348 2.99692 2.78339 3.60682 0.758141
layer: 1 neuron: 31 -0.479102 -1.05038 -0.155008 1.61831 -0.0699183 -0.316726 1.67491 0.720442 0.147013 0.689987 -1.86711 0.497705 -0.336173 0.608196 0.296093 0.0394203 -0.147563 2.37656 -0.128384 -0.259446 -0.861563 -0.0982997 0.0750809 -2.63297 1.45505 0.0489811 -1.31557 0.3813 0.340718 -0.0160959 0.127472 -1.97061 -0.249937 -2.02632 -0.307242 0.16684 0.537156
layer: 1 neuron: 32 2.64927 -2.74996 -0.537769 0.562344 -1.2705 1.04936 -1.8439 0.412593 0.703049 1.91391 -0.160385 0.823279 0.36785 1.25921 0.484449 0.555663 -0.581415 1.57139 -1.73647 -0.943443 -1.18728 1.04571 0.838071 -1.76009 0.496446 -0.174245 -2.07268 -1.09868 1.77343 0.147713 0.761619 2.77296 -3.56545 -2.2091 0.769776 -0.0389711 0.559923
layer: 1 neuron: 33 5.38356 4.52694 4.43181 4.13831 4.13223 4.1183 3.73432 4.23878 4.96036 3.74556 4.2615 4.93429 3.8885 4.79033 3.73855 3.11641 3.848 4.50969 4.89772 3.69513 4.54488 3.30411 4.75922 4.97307 4.0337 3.40296 4.62136 4.87421 4.78353 3.8643 4.56898 4.68932 5.20911 4.15271 4.21327 5.14716 0.788629
layer: 1 neuron: 34 0.0815886 -1.80328 0.23084 -1.39471 -2.06877 1.5275 0.908323 -0.639608 1.15306 0.64214 -2.12111 0.583975 -0.498466 1.25778 2.35926 0.828147 -0.958609 0.656286 2.76847 0.342161 0.893102 1.30084 0.189817 1.53879 -1.50456 1.11763 -1.71025 -1.91598 1.50147 -2.10385 0.499968 -0.679878 1.32859 -0.846486 0.623699 -2.30023 0.581988
layer: 1 neuron: 35 -3.15471 0.999202 -0.262207 2.59305 -0.616529 0.38116 -1.3038 1.49625 -3.11623 -1.11632 0.866256 3.2285 -2.19907 0.96648 0.393937 0.0884023 -1.47237 1.21532 0.740894 -1.50117 1.14598 -1.39779 -1.39125 0.445132 0.253724 -0.00607867 -0.0606222 0.43807 -2.24272 1.37673 -2.92 -1.16438 0.529944 0.763197 -1.3472 2.33685 0.151555
layer: 1 neuron: 36 -2.64476 -1.56729 0.273893 -0.929521 -0.392442 1.86583 1.69566 0.188257 -3.41149 -1.56628 0.905074 -2.57331 1.10734 -0.95439 0.206077 0.453425 0.563597 1.05916 0.452878 1.22612 -0.331141 0.206539 -0.268041 0.481537 -0.199172 0.0377098 -2.32018 1.08535 1.36906 0.419695 1.67563 1.04583 0.461728 0.0669197 0.311385 -0.655437 0.92935
layer: 1 neuron: 37 3.39401 -0.490049 1.20289 0.95035 1.06814 -1.69696 -1.76145 -1.28775 -0.350328 -0.100644 0.496775 -0.455462 2.79077 3.77457 -2.90257 -0.710683 1.89133 -0.583938 -0.893781 0.0437604 0.225857 2.33919 -3.76552 3.56527 2.28873 0.783333 2.01939 2.83681 -1.98719 -0.697092 0.42666 1.23282 -2.20444 0.0850475 -0.613639 -0.461861 0.630116
layer: 1 neuron: 38 -0.375192 0.738335 0.0299602 0.602475 -0.0922811 -0.660264 0.540378 0.452664 -0.259381 -2.23677 -0.399428 -0.645809 1.34932 0.874205 0.448493 -0.984361 0.0495528 -0.889714 2.73523 0.715841 1.3825 0.642195 -0.285733 0.335716 -0.385153 -0.185404 0.320669 -0.270292 0.239099 0.280308 -1.26471 -1.35844 -0.674063 0.468657 1.90968 -0.097779 0.444502
layer: 1 neuron: 39 -0.813788 1.12052 1.41239 -2.46237 1.62909 0.907702 0.981677 1.76055 -0.342387 0.411977 1.51426 -0.664021 0.908496 -1.01914 -1.43549 0.00932987 -1.7548 -1.97775 1.39502 0.0680535 0.902045 0.945194 -0.229815 -0.982729 0.845518 0.713797 0.091865 0.597129 -1.47516 0.119468 -1.87291 1.55009 0.706212 -2.82524 0.266164 1.40845 0.694082
layer: 1 neuron: 40 -0.676081 -1.16798 0.529836 1.2043 0.103402 -0.358708 0.843209 -1.62895 1.14475 -1.19489 0.968782 -0.223851 1.37675 -2.23383 2.29488 -1.03614 0.877744 0.945727 -1.19047 0.0238927 0.746314 1.2361 -1.56362 -1.28837 1.35089 -0.928189 1.11633 -0.386419 0.628017 -0.753956 1.99976 -0.765791 0.1206 0.0269417 -0.265808 1.51649 0.0384533
layer: 1 neuron: 41 -0.230445 0.208817 -1.49713 -1.30092 -0.127413 0.966789 -1.54183 0.776348 -2.23902 0.445213 -1.66788 1.74399 0.657788 1.86955 -1.39516 -0.0653743 3.51774 -0.820176 1.70907 -0.849854 0.733872 1.54632 0.178169 -0.765695 -2.05056 1.0368 -1.62098 1.40875 3.07307 -0.158425 -0.251205 -2.54411 -0.767436 0.251596 3.60023 2.95239 0.711905
layer: 1 neuron: 42 -2.89848 -0.621041 1.18053 -1.09789 -0.630027 2.93916 -0.6535 -0.236721 1.57037 -1.61698 1.6 1.92408 -2.84664 1.91793 0.0982427 -0.549875 -1.29373 -0.435083 1.02942 -1.09716 0.94742 -0.853388 0.282068 -0.538659 -1.05692 0.856453 1.85749 1.17232 -2.89578 -1.66639 -1.82618 -0.208841 2.73593 -0.815926 -0.521636 -1.17557 0.114261
layer: 1 neuron: 43 0.37285 1.17385 -0.770488 -0.422494 1.92832 0.254256 0.871179 0.248327 -0.638693 1.188 1.50964 -0.106447 1.2623 1.20224 1.03721 -0.296935 0.312849 0.40544 2.78568 1.26616 -0.249187 0.491931 1.08798 0.143373 0.648832 0.595347 -0.0592544 -1.5791 0.328238 0.900547 -2.41316 -2.59585 -3.73984 -3.00708 -2.60103 -0.21285 0.511887
layer: 1 neuron: 44 0.00798974 0.246136 -0.560801 -0.926012 -1.64283 2.36359 1.12546 -3.18584 -0.757037 -1.23922 1.63879 -2.17496 -1.05131 0.170209 0.162827 -1.35392 0.983 0.879302 -0.244146 -0.620782 0.330745 0.337981 0.928124 0.0220133 -1.91073 -2.09512 1.36624 0.153113 2.31943 3.1019 0.738578 -1.62402 0.584168 1.40305 1.72246 -0.00565879 0.387188
layer: 1 neuron: 45 1.19976 1.33045 -1.62985 -0.844578 0.570136 0.0738262 -1.93048 0.651508 0.488809 0.212418 1.46483 -1.54058 0.476379 -0.216972 -0.59426 -0.132586 0.0602845 -2.6743 1.52016 -0.143733 2.00183 -2.12144 1.90987 1.67428 -2.11682 -0.0162447 1.39999 -2.92704 1.79787 0.0832612 -1.55804 -2.1429 1.85031 1.12882 1.76157 0.647873 0.409742
layer: 1 neuron: 46 -0.012845 -3.62366 -3.88894 -1.99976 1.58425 -3.26014 1.4827 -0.365326 1.72496 -0.765102 -0.334611 2.70584 0.0260194 -1.73038 1.50512 0.595452 1.7931 1.12674 0.125243 -1.34127 -0.359604 0.815724 0.468442 1.14458 0.76392 1.90308 0.369587 1.0166 -3.74779 -1.24038 0.344574 1.69298 -0.49269 2.27395 -1.91679 2.79185 0.337382
layer: 1 neuron: 47 -1.88813 0.380978 -1.00019 0.822387 -0.761229 -1.6703 0.639329 -0.794908 -2.61289 1.30898 -0.137066 1.67549 0.304497 -1.12933 -2.23912 0.294462 0.0303685 2.10086 -0.494085 -0.597814 0.611231 -0.935627 -0.426436 1.25862 -0.180644 0.569566 -0.557096 0.335289 1.69564 1.96028 -2.42922 -0.907004 1.71954 0.650232 -1.42734 0.63323 0.245796
layer: 1 neuron: 48 2.34084 2.21592 4.71232 2.05452 -0.94455 -1.99326 -1.21706 0.38411 -1.1578 1.443 -0.806198 -2.06367 -1.41679 2.80083 -1.67803 -2.40204 -2.55031 0.175822 -2.4114 0.197336 -2.9744 -2.18243 0.785453 2.15433 0.397672 1.72505 1.19907 2.46411 -2.70123 1.75871 1.01734 -0.840814 0.617636 0.79554 0.955942 -4.2786 0.914792
layer: 1 neuron: 49 1.22133 -0.126414 -0.894871 -0.0808443 -0.268789 -0.471349 -0.298341 -0.0432268 1.22847 -0.593354 -0.213056 -0.457716 -0.0590585 0.254867 -0.246668 -1.09895 0.0405202 -1.98785 1.35049 0.562708 -1.03409 0.0480057 -1.86388 -2.74168 -0.601342 -0.58285 0.816604 -1.82007 0.193409 0.760242 -0.472042 0.188041 -0.660196 0.904538 0.710256 -0.797463 0.820429
layer: 1 neuron: 50 0.653336 -1.07884 -0.883941 -0.342986 -0.88261 0.627752 -0.129603 -1.26372 1.43596 -0.872883 0.288474 1.68951 -0.440766 0.402203 -0.947051 0.349803 0.222446 1.15551 0.175673 0.202121 -0.0123802 -0.524415 0.947777 -0.640951 0.641379 -1.70233 -0.461342 -0.890295 1.85365 -1.67271 -1.65291 -1.31914 -2.87881 0.25982 -2.69547 0.867943 0.580065
layer: 1 neuron: 51 5.39035 4.53431 4.31054 4.15707 4.00184 4.22379 3.74026 4.27945 4.84079 3.69943 4.33754 4.96121 4.03253 4.62584 3.74699 3.09355 3.97655 4.37957 4.8409 3.64682 4.42955 3.19105 4.6227 4.85988 3.91405 3.40342 4.57731 4.84975 4.53341 3.80734 4.50884 4.69392 5.16611 4.19855 4.29931 4.91346 0.728446
layer: 1 neuron: 52 5.42429 4.3994 4.54926 3.59346 4.17783 4.29082 3.93946 4.17714 4.93815 3.71092 4.53024 4.93574 3.84363 4.79174 3.56038 2.9783 4.14318 4.56127 4.75696 3.61544 4.45272 3.23805 4.97825 5.00395 4.06454 3.33339 4.54551 4.66932 4.51895 3.71275 4.70581 4.72616 5.16084 4.4117 4.40508 5.18449 0.930692
layer: 1 neuron: 53 -2.99641 0.0980533 2.70004 0.355394 1.83011 -1.05336 0.169162 0.729167 -0.447428 2.63119 2.17521 -1.74475 -0.201916 -2.5271 -1.21295 -1.12906 -1.9934 -0.638771 1.3109 2.08679 0.494066 0.656951 1.25119 -0.752457 -2.02854 -0.327972 -3.91034 2.63909 0.791337 0.0120266 -2.89407 4.59328 0.95529 2.3537 0.847586 1.89769 0.0942717
layer: 1 neuron: 54 5.02946 4.19484 4.19987 3.34212 3.68211 3.8546 3.27856 3.9567 4.58691 3.74711 4.17847 4.74716 3.76905 4.16505 3.84561 2.85845 3.85355 4.19551 4.28215 3.45758 3.86086 3.13165 4.67419 4.67211 3.72034 3.02311 4.44821 4.4973 4.43794 3.66316 4.15021 4.54654 4.45088 3.69682 3.99493 4.93261 0.655416
layer: 1 neuron: 55 -1.68842 1.095 0.258973 -0.842504 1.21505 -0.548129 -1.08383 -1.29093 0.653768 -1.24374 0.61011 0.849239 0.458292 -1.63049 -0.262223 0.0654588 1.13286 2.13154 -0.368785 -0.138033 0.647653 -0.453269 -1.56373 0.518505 -1.56654 -0.458771 2.47836 1.1003 1.13208 -0.940203 -1.07662 -2.06624 0.0503821 1.21352 -0.743687 1.63057 0.227851
layer: 1 neuron: 56 -1.46668 3.10963 -3.69809 2.13962 3.23283 -0.37143 -1.05293 0.556478 1.28828 1.29564 -1.72745 0.99417 0.416538 -1.48806 -0.0895388 -0.626031 -0.5357 0.0398222 -0.550184 0.842602 -2.46737 -0.687424 1.75491 -0.0188369 0.892466 -1.72682 0.14671 0.492856 0.105709 -1.31795 -0.642218 0.901652 2.76503 -3.22247 0.703911 -1.61285 0.00808741
layer: 1 neuron: 57 5.39688 4.2842 4.50645 4.15957 4.1178 4.34172 3.64956 4.17027 4.97399 3.678 4.44864 4.87495 3.92794 4.73211 3.88288 2.73241 4.09375 4.48434 4.58048 3.59694 4.30931 3.20689 4.92906 4.93984 4.00367 3.31483 4.51014 4.43755 4.82336 3.95417 4.65546 4.37772 4.88546 4.37228 4.41626 5.35686 0.879177
layer: 1 neuron: 58 -1.83106 -0.990471 -1.20802 2.03164 0.829914 3.76441 1.68628 -2.07156 2.7633 0.502166 -1.61941 1.83802 -0.461184 -2.04097 -2.08796 -0.49059 -0.18168 -0.0192671 0.142345 0.726446 -0.923196 -0.746674 -1.53797 1.05944 -1.08943 -0.402396 -0.472486 0.458078 4.24968 -0.388515 -0.482384 -1.11238 0.624472 -0.765186 -1.64522 -1.15282 0.0166936
layer: 1 neuron: 59 0.367138 0.0113355 0.188096 -0.548227 0.340558 0.768274 0.143405 -0.539718 -0.896924 -0.487224 -2.60601 0.632257 1.13897 -0.467866 1.00711 -0.274645 -0.567076 -2.65275 1.75035 0.463287 0.533997 0.223887 -3.31849 -1.02685 -1.15313 -0.799356 2.81035 0.999641 0.0134601 0.173218 1.00213 1.19092 1.50163 -0.177389 -0.0828916 -0.418178 0.693319
layer: 1 neuron: 60 -4.27107 -3.42885 -3.18816 -3.07626 -2.89601 -3.22482 -2.65359 -3.22151 -3.36245 -2.69537 -3.24467 -3.79388 -2.94149 -3.51535 -2.62622 -2.03673 -2.72445 -3.27517 -3.58159 -2.64794 -3.29017 -2.27071 -3.53057 -3.71786 -2.78181 -2.29264 -3.56833 -3.79884 -3.5662 -2.54927 -3.25491 -3.58074 -3.8847 -3.38218 -3.04999 -3.95954 0.872005
