topology: 58 60 36
layer: 0 neuron: 0 91.9378 468.081 274.638 79.9641 243.611 569.378 896.627 -276.974 135.601 -516.412 86.2515 -123.363 1.40799 848.231 -354.002 -140.862 -52.5198 -559.175 -56.5686 -42.6958 782.167 309.718 -800.688 23.3254 455.399 756.419 -277.679 12.8466 -97.1042 179.886 138.481 -461.87 -602.138 132.988 -793.994 360.842 -280.698 -190.381 444.521 -170.426 379.452 -294.679 -150.803 703.692 -190.422 -980.915 -439.962 729.136 -394.01 349.249 222.327 971.071 -1169.92 -482.962 -423.532 584.058 -895.091 -82.4783 240.103 532.12
layer: 0 neuron: 1 -481.526 -6.35974 268.449 -207.994 1022.06 130.913 -139.481 -471.228 7.67435 -759.482 687.316 591.54 280.877 295.819 -686.578 230.945 -78.2711 -486.183 -222.302 480.811 -9.25055 -113.995 -178.003 159.704 110.553 -96.2822 -71.1353 728.042 337.454 -26.494 -623.925 16.1867 511.587 163.107 -272.513 358.849 45.5748 -81.3568 136.219 311.143 496.726 169.721 623.065 484.308 -81.3759 -353.962 612.639 -85.5852 559.036 420.896 460.393 444.514 555.365 84.8756 -305.388 -163.503 -293.602 -466.829 -842.266 687.611
layer: 0 neuron: 2 -583.712 67.6821 -297.786 394.767 464.344 -182.281 -140.139 78.9018 87.2875 150.453 331.287 242.414 205.275 -392.298 -13.226 -214.692 165.172 202.218 -656.764 -19.8268 -10.4055 -165.57 -52.6225 273.681 -889.177 -326.367 -567.507 562.795 561 131.608 -145.302 -582.309 -117.778 154.943 -503.025 -365.323 -205 -615.005 -17.0125 636.242 -300.563 -555.163 -426.271 80.3912 -615.001 380.058 -79.4377 76.3184 188.844 -228.084 140.742 -120.085 -389.893 -79.8455 533.975 431.332 86.2521 -320.233 880.248 102.665
layer: 0 neuron: 3 -459.303 -627.247 -689.554 -143.341 -499.285 -312.156 344.437 119.656 283.987 13.5255 -249.799 -377.377 112.299 -369.042 -412.753 -8.86568 48.3067 106.671 -1304.63 -121.023 -176.542 -63.4479 -206.112 364.245 -249.512 -97.8694 -1243.86 205.192 -9.96768 619.697 -32.9053 -1044.02 23.0504 288.576 -232.126 -1005.09 -346.802 -1039.44 -139.471 549.923 -85.1972 -382.755 -70.1962 52.0556 -1039.43 339.702 -774.252 26.6505 -21.6449 111.613 12.9193 202.524 -399.984 -78.3347 -48.2868 -132.156 98.4214 -154.04 630.625 -140.282
layer: 0 neuron: 4 19.3588 213.436 -129.952 61.5287 769.798 94.8624 204.85 845.822 -238.22 -85.955 -520.095 -170.827 -84.7385 521.125 233.949 -308.793 -171.389 -324.815 -1731.54 -398.518 -196.289 -124.991 -663.568 20.7118 206.964 78.9833 -1595.55 -405.869 -439.759 -270.177 523.492 -1476.63 -78.5681 363.568 282.895 -266.92 -440.723 -1549.84 -413.493 -26.5714 446.809 -511.613 -236.632 24.107 -1549.82 -280.776 553.081 -184.335 174.099 276.568 481.036 -681.944 -514.954 -183.809 117.608 -417.687 -129.055 -746.181 670.138 -154.706
layer: 0 neuron: 5 36.8082 -202.038 89.742 257.637 545.382 -116.721 -512.666 17.9878 -250.025 136.388 111.47 205.078 -160.724 116.682 -88.3988 103.521 -271.433 5.80858 1714.26 51.7486 -555.48 -188.022 143.132 -247.732 -64.0871 122.841 1820 -172.779 -515.763 -561.579 -54.6904 1888.97 171.504 -319.978 -298.655 255.343 269.352 1718.73 17.6081 -210.791 -230.438 537.866 68.5897 -185.514 1718.68 0.290466 501.757 29.0875 43.596 -415.667 22.0559 74.6507 1434.11 115.6 -266.137 -173.169 -96.8204 -376.492 -307.286 -489.745
layer: 0 neuron: 6 405.257 597.54 505.633 101.091 -559.335 160.459 169.941 339.665 219.876 16.0569 -232.301 230.679 698.627 30.4786 167.895 -85.8847 255.936 596.098 -198.611 -43.2843 296.39 234.701 847.393 -254.427 81.5962 -340.648 -163.255 -27.2 656.904 -38.8349 -90.1494 -307.509 167.7 240.974 507.726 842.238 276.492 -294.457 69.2416 225.656 263.971 -356.723 2.43331 -88.8977 -294.472 524.549 487.333 -122.636 30.9595 225.156 52.4435 -83.6716 -338.227 3.60996 166.599 -80.234 -22.9998 -12.5097 45.3747 -159.703
layer: 0 neuron: 7 71.15 386.226 -49.0072 -154.16 -130.236 -29.0322 352.82 396.607 707.577 -457.53 -195.523 -431.628 378.465 -41.815 -358.862 -134.294 -54.7886 295.281 344.432 33.0589 127.121 -24.4591 256.358 -304.388 -58.0083 -308.567 359.576 57.4929 271.64 77.4848 -402.696 434.511 80.9301 202.73 -203.248 -66.3242 32.5705 369.838 -158.312 -360.811 273.174 -184.361 -25.3915 -204.856 369.832 95.2886 -34.2373 -156.121 34.19 -135.629 370.454 404.903 1260.25 -133.048 -344.311 376.652 -81.4479 -649.602 -450.058 -200.705
layer: 0 neuron: 8 28.8317 -342.92 79.0596 151.004 -215.429 -0.773508 70.8283 179.23 903.403 -376.075 150.309 -240.023 542.303 130.527 -714.146 -51.4139 -191.411 -93.0325 -811.176 38.7494 -583.77 -146.689 -262.84 -47.9586 -118.578 -292.013 -651.21 363.036 -119.094 -91.7451 1.21663 -411.13 649.271 309.463 59.003 -173.559 -387.905 -660.245 49.9729 -111.087 -123.314 220.448 205.863 144.756 -660.224 608.7 293.976 78.2909 319.652 -254.483 510.107 -114.671 555.705 367.7 249.736 -300.249 260.259 -406.123 -97.6414 101.396
layer: 0 neuron: 9 504.166 203.939 252.475 826.765 -442.441 33.648 54.1754 -54.0377 316.668 -358.17 524.074 129.274 47.3738 197.852 5.46195 -143.714 -192.672 -566.547 -1435.9 -92.5514 45.4839 -63.5184 19.6121 257.798 118.404 -21.5523 -1194.15 -25.5417 -37.1368 -342.951 66.1281 -888.513 699.957 606.217 282.718 661.199 -518.864 -1215.42 160.605 -240.6 -235.379 -216.536 -65.6507 286.17 -1215.43 511.077 317.926 189.627 -122.001 -101.252 856.578 -466.35 336.079 389.147 779.161 -42.8498 330.576 260.923 344.209 269.299
layer: 0 neuron: 10 407.245 447.555 -91.476 -169.213 -410.912 202.266 606.333 526.342 -630.731 500.14 -199.886 18.6627 36.2805 -600.24 605.897 4.18585 -198.643 302.989 -91.2797 247.645 366.885 469.133 -42.5143 -429.919 15.3438 420.63 67.8658 462.259 155.114 459.535 449.428 147.868 -443.586 65.0389 453.722 586.439 1.06079 38.3583 -150.891 665.77 -224.964 -192.462 -251.085 -266.096 38.324 -13.0583 18.6106 -156.971 -317.867 -195.807 -57.4549 99.7949 -648.937 -197.29 -457.035 -60.161 -98.9226 107.26 760.253 -425.803
layer: 0 neuron: 11 178.006 34.9135 76.5732 -383.55 -191.406 285.729 735.344 581.503 -879.97 433.777 -243.858 -7.66749 94.5854 -53.3378 560.765 19.3967 117.617 232.261 -718.147 210.184 392.756 384.907 -572.873 -218.374 155.366 497.323 -614.664 359.716 86.5638 466.5 551.399 -537.043 -592.938 -135.817 581.134 -39.6614 79.8079 -503.454 135.674 215.38 40.1784 31.5113 -86.6718 -140.013 -503.473 -291.347 -90.8183 -16.4122 56.2188 40.5909 -415.776 -170.698 -1125.43 -390.46 -265.935 124.131 174.544 361.405 902.923 144.811
layer: 0 neuron: 12 -510.838 -765.543 -194.984 -280.36 487.288 -44.5078 -281.812 -134.363 -717.901 277.009 193.63 490.91 197.523 443.162 -266.744 -160.197 226.467 -60.812 601.753 -67.744 -90.4478 48.6072 -348.439 431.949 -216.615 144.959 552.762 79.7576 -127.82 109.535 224.594 342.02 -474.948 -424.318 -120.756 -104.787 354.134 507.51 215.198 570.997 74.3006 -272.028 74.2738 249.818 507.515 -210.817 30.8748 57.5691 -42.8986 333.377 -580.632 133.573 -441.938 -345.769 -126.63 -390.535 -644.558 -347.679 625.615 9.76942
layer: 0 neuron: 13 -32.7828 -433.706 -353.466 72.5688 503.414 53.6141 -92.6583 -89.3091 357.399 136.713 380.277 258.361 -256.1 7.74801 191.206 -13.8935 121.702 -118.286 -271.515 -43.6986 31.8454 402.415 42.8944 806.411 414.608 28.6015 -379.156 -339.28 316.679 -175.032 362.544 -455.759 -210.922 -65.3125 -46.589 -18.4972 53.3033 -356.929 146.443 210.042 -162.031 -656.587 17.9388 206.983 -356.995 164.347 19.1469 386.875 -221.75 148.141 113.018 42.0692 -633.852 -131.663 249.01 -29.0322 -151.263 -17.6786 528.353 293.453
layer: 0 neuron: 14 -211.331 284.703 -80.1686 -140.388 457.247 -57.8009 12.0909 218.97 -86.3652 150.111 -140.42 -120.363 73.0565 -219.555 215.071 83.384 0.197421 349.326 -265.486 96.2757 32.7951 -78.3567 196.74 -249.005 2.02298 187.044 -234.163 165.792 94.3948 126.838 -164.261 -184.253 -159.983 -44.6829 -218.244 -80.8047 81.0727 -187.684 -194.099 177.329 76.5865 156.341 -62.9341 -215.926 -187.729 -162.903 169.102 -119.245 169.875 -71.8452 70.4591 73.1856 -162.538 27.6551 -182.54 53.3471 154.256 -251.907 107.724 -139.86
layer: 0 neuron: 15 -150.228 224.986 140.767 132.481 642.03 -133.59 57.3073 -43.7331 -54.9559 304.686 -182.744 137.522 29.9181 -324.42 94.4969 142.246 10.6848 113.986 -268.856 115.573 -7.30251 -212.062 233.16 -278.092 -28.2752 -4.51387 -297.211 54.015 -88.2314 139.156 -194.361 -233.893 -32.5476 -48.176 -320.781 -13.4609 8.2341 -186.283 -77.9884 177.853 86.8502 177.502 -111.929 -68.4612 -186.318 -189.802 61.7934 -53.2726 154.897 -101.358 71.5301 33.0981 8.4635 209.728 -9.84789 -111.935 164.41 -1.12214 -54.8261 -48.3826
layer: 0 neuron: 16 -238.586 154.412 -422.28 79.2915 -75.7948 -644.323 50.3781 -247.146 -52.142 -65.519 -46.9917 -20.8985 53.3319 -755.29 394.673 -278.262 179.359 556.759 -24.0348 -86.6269 5.48661 -10.8705 432.636 78.4381 143.738 -132.492 11.6612 71.7853 2.72255 -9.58637 -210.796 107.847 -159.423 -94.6309 96.7551 -659.645 67.727 16.357 53.8809 10.3251 -380.425 -103.92 760.675 -583.939 16.331 -25.9812 -75.9181 -527.054 730.471 132.493 -404.526 -445.263 167.364 -248.406 73.8834 728.918 555.138 325.972 -309.743 -810.191
layer: 0 neuron: 17 -62.5427 -133.823 196.243 -188.897 -336.165 -22.1574 -28.8389 -159.704 -127.703 -389.334 91.362 165.832 111.029 99.5501 -426.812 -18.6715 -163.189 -230.307 906.853 -28.0313 -101.594 -142.438 -305.871 53.2015 -160.168 -200.509 965.712 225.29 47.4467 -23.4548 4.44748 886.082 452.656 177.722 412.976 17.0142 -72.3113 772.786 126.112 133.124 109.084 89.689 395.497 181.328 772.697 103.659 51.8584 -155.85 183.268 256.587 -12.9241 -36.1991 380.047 -29.6187 -86.1696 -169.434 -93.9919 98.0857 -575.574 121.125
layer: 0 neuron: 18 -213.208 64.4745 -28.844 91.897 311.776 -68.1689 62.2744 15.1556 -173.06 -71.6755 -152.17 46.4052 110.528 -27.895 -80.7626 -47.6741 -51.6283 38.0485 571.763 -51.0043 -89.7966 -154.352 2.97299 -51.0735 26.5808 60.7035 617.572 40.5861 -60.3024 -46.8793 -220.684 645.355 -53.338 103.733 -356.482 -48.1484 -102.285 534.832 -123.605 87.7818 49.186 17.6411 19.4228 -36.0324 534.729 -99.4752 76.1372 -102.32 47.0774 -11.3722 168.869 46.654 524.043 17.1394 -70.6411 6.20591 -40.1655 -244.761 -92.1271 -199.473
layer: 0 neuron: 19 -138.012 119.121 39.5514 128.213 322.719 -0.755961 -172.505 -72.3353 -214.851 -105.882 61.9516 132.114 33.3833 131.337 24.4956 -61.3739 -22.7846 -11.0856 602.494 -44.3865 -80.9809 -124.099 55.331 -2.67422 53.6812 99.063 658.302 -7.51926 18.7489 -258.99 -170.427 651.799 4.84953 2.61182 -250.424 147.48 -14.8951 531.659 -36.266 -29.026 -7.00871 88.5498 19.2238 1.28167 531.551 -53.1715 208.233 -37.733 28.5866 -62.5551 165.825 -8.78519 444.454 43.3711 84.909 29.4281 -5.39735 -203.036 -126.598 -4.86772
layer: 0 neuron: 20 -114.295 204.477 91.0419 51.7682 512.088 16.5699 -188.075 8.19633 -284.708 -99.9686 40.7906 175.154 89.269 268.751 24.8757 -60.7611 -43.1747 -14.6179 393.795 -52.9289 -88.9846 -145.986 -43.2986 -52.4988 75.9392 119.328 460.416 22.981 25.7151 -268.806 -66.9388 421.956 38.5149 58.193 -168.639 179.718 -34.2277 327.451 68.9175 51.3238 98.295 21.0128 22.3984 4.8436 327.343 -64.6528 357.537 -81.6775 29.1997 -3.11126 257.988 -88.3884 305.593 54.0029 50.2952 -185.2 -34.6531 -347.181 -39.9914 125.176
layer: 0 neuron: 21 -100.86 0.735457 65.225 32.8793 157.978 -34.3418 -3.59887 -41.6147 -151.699 -67.0252 -61.8315 75.4538 47.4092 74.7566 2.24514 -25.4461 -104.254 -43.9785 639.501 -59.7768 -76.6769 -92.6917 -67.7616 16.1529 23.4914 76.7862 688.083 -3.53748 -52.3383 -108.194 -41.672 660.158 -3.41032 55.1691 -140.448 -25.1753 -42.1362 564.261 -14.1663 88.388 70.7445 16.7359 50.6486 0.610754 564.149 -47.7766 44.9665 -60.8866 16.787 36.8295 101.003 -19.0154 323.993 2.5338 24.7165 -35.6397 -7.90386 -98.0094 -165.788 -15.2663
layer: 0 neuron: 22 -107.569 4.48083 57.1995 75.3957 -70.7263 -64.488 -12.5627 -97.9154 -118.822 -95.6102 -5.99497 43.7144 26.7284 -20.6792 68.879 -64.8612 -59.5697 -12.4721 541.7 -86.38 -18.6413 -41.634 -3.37239 39.9371 10.2881 71.6419 593.106 -10.2249 -3.43918 -97.1325 -79.0799 584.079 14.5181 58.554 -54.7483 -8.61258 -67.6815 473.299 -17.2969 75.7952 -16.2013 8.29088 96.2914 -9.60887 473.186 17.7112 3.79514 -62.2263 -17.378 56.1721 31.7684 -64.7046 234.704 1.98176 86.2967 34.0446 86.5861 74.2375 -116.21 -43.9216
layer: 0 neuron: 23 376.846 -491.736 -272.591 150.039 -833.363 -125.088 -356.362 -197.359 400.508 7.72435 270.088 -189.704 -212.63 130.371 59.259 87.1336 0.642841 -236.076 -183.61 -57.8398 -50.2697 -11.5266 191.39 608.793 -129.353 82.3449 -162.381 -293.937 -170.079 -116.591 337.513 -38.0784 368.917 -138.636 542.179 -98.2573 174.045 -151.365 153.503 -64.9074 -265.415 357.867 83.7257 156.209 -151.435 515.501 -458.226 272.14 -13.245 -104.476 -262.154 -187.454 17.6122 123.254 746.983 280.41 287.644 516.321 -232.539 166.948
layer: 0 neuron: 24 95.1254 -353.351 -16.3085 118.34 -614.37 141.362 117.447 -44.531 44.2132 -118.209 -83.2026 -7.71283 -13.7475 273.415 -183.011 -81.3768 -192.182 -248.37 1150.75 -217.646 -62.663 -13.2305 -277.771 228.522 -78.8542 -22.245 1142.99 -84.5255 -114.083 -26.8431 158.147 1083.73 13.7458 44.5582 4.67144 -46.1664 -133.036 1015.49 84.6884 -49.9397 -57.4399 -22.9489 -161.068 202.244 1015.38 216.377 -410.889 162.559 -338.267 -43.5562 -70.8107 144.829 459.767 -79.5246 211.375 67.4921 -133.805 192.367 -4.70696 75.4685
layer: 0 neuron: 25 -9.43095 -349.242 19.4831 24.2114 -423.894 193.216 202.84 60.9816 104.032 -125.377 15.9845 -66.5451 225.778 300.148 -372.524 113.808 -65.3925 -153.12 872.935 6.76247 22.0179 48.6458 -200.435 284.719 -138.409 86.8172 886.74 132.851 129.936 206.8 63.1257 861.001 130.394 185.88 -100.334 -9.10136 -85.3914 784.949 41.4769 232.521 97.2727 55.7673 -227.813 302.455 784.82 312.733 -367.795 252.722 -284.026 16.5025 153.623 326.724 470.25 27.0068 144.244 -23.5158 -111.224 -54.0934 89.1391 325.045
layer: 0 neuron: 26 155.772 -6.73619 105.123 -61.1665 -464.946 70.8249 126.783 45.5355 -229.084 40.4278 -84.6256 -32.4945 202.137 125.255 -31.071 78.3488 37.6519 95.0564 920.061 15.4659 182.974 -2.68248 64.0289 -29.6516 -116.156 165.158 959.69 127.45 149.256 173.398 45.1941 905.717 41.5936 47.9721 156.311 186.347 87.6309 813.657 32.1124 242.398 77.5959 159.586 -123.777 24.1833 813.538 206.89 -213.646 41.7274 -253.666 -16.6131 -58.3919 98.5338 402.901 36.3215 46.3656 -19.8319 -9.83671 77.1527 -53.4691 101.173
layer: 0 neuron: 27 4.54773 -11.1113 168.014 -68.7679 -417.988 -4.58763 117.806 -10.2726 -140.922 -54.0064 -134.041 -79.1276 192.383 -29.9817 -62.6536 21.1282 18.7059 47.8149 996.046 -32.927 118.082 -11.6917 15.196 -113.8 -64.528 72.2365 1033.82 92.4612 3.8136 58.1404 -73.096 981.954 55.0913 18.2541 16.3728 37.7096 -33.7837 882.487 -58.2893 170.587 56.6715 97.2249 -31.3211 -17.091 882.371 64.9356 -186.987 -0.069527 -108.031 43.7546 -56.8903 96.081 446.248 11.4722 8.66942 -7.24045 -13.6806 65.0531 -217.113 -32.2204
layer: 0 neuron: 28 22.8209 -88.1353 143.906 31.4742 -361.634 -0.598015 72.9354 -22.4734 -120.414 -152.676 -81.0322 -60.1181 -29.1037 53.1648 -12.1866 -93.6949 -95.2338 -185.913 804.303 -143.174 10.3456 -8.3824 -202.964 76.8491 43.4164 23.2141 849.438 -153.665 -133.247 -139.885 84.7637 824.047 88.3589 81.9852 135.063 -66.7412 -140.086 699.438 -60.4306 -94.429 7.51472 3.35408 60.6033 51.3885 699.325 -21.554 -146.464 -30.2086 -43.3801 116.457 -2.43653 -106.689 334.062 -54.328 84.8965 75.8774 25.016 179.896 -219.734 -38.887
layer: 0 neuron: 29 -48.4095 -68.8341 71.1705 0.756003 -158.911 -0.00196664 58.5844 -26.1472 -129.555 26.2731 -81.5233 20.3547 54.5048 -44.2397 63.1737 -32.1385 -76.6462 -31.3392 549.077 -46.9644 -57.3961 2.52001 -153.581 75.2638 56.2769 105.638 596.174 -5.03062 -53.3276 -56.4341 130.206 574.549 1.98518 63.86 101.347 -93.1056 -69.5839 466.304 -29.3407 86.8733 -41.5135 56.3486 107.415 13.2396 466.187 13.5837 -73.8748 -70.069 28.9397 51.0452 -17.6635 -110.261 62.3801 -25.291 44.9362 -13.156 97.0003 162.484 -58.8705 -33.6359
layer: 0 neuron: 30 -135.672 41.9928 -31.8068 -210.49 253.237 -23.7127 -184.874 102.094 -374.294 317.503 -92.8207 107.149 6.53184 -178.827 130.557 150.561 -96.9757 256.161 1020.35 149.629 -146.299 -39.0451 -17.5672 -270.16 -132.583 193.109 1162.09 226.642 -31.5082 7.58478 89.8064 1180.69 -85.9846 -161.449 55.5678 45.2933 204.381 1042.06 -79.0236 283.893 -79.5312 284.227 -20.368 -172.912 1041.98 5.63001 132.564 -106.928 27.8174 -234.473 -127.675 63.9855 376.887 58.3631 -278.055 -184.558 89.0659 -127.321 -10.8642 -187.062
layer: 0 neuron: 31 -89.8184 -77.4389 55.629 -190.416 100.978 -13.9552 -35.6542 132.37 -343.798 195.481 -73.9328 40.5655 45.9453 -136.523 37.6115 149.446 -149.236 106.444 273.221 155.052 -116.198 -98.2957 -120.95 -157.635 -56.7704 205.504 587.896 165.054 -135.408 39.7109 105.005 819.727 21.8277 -37.8702 69.2412 -7.92219 95.0209 551.916 -134.287 166.989 11.8206 354.742 51.474 -107.435 551.917 -34.4286 56.6693 -175.444 33.6334 -123.542 -22.4781 54.6242 592.45 63.383 -311.683 -215.985 106.491 -72.5699 -34.476 -168.504
layer: 0 neuron: 32 -108.424 151.543 14.1542 -231.23 211.576 -13.7267 -35.3084 125.552 -395.781 61.8388 -34.6654 -19.9913 63.9494 -73.9378 166.635 16.1528 -120.301 170.068 -792.72 127.095 7.75683 -56.6151 -106.888 -185.395 11.9951 305.186 -330.965 169.98 -53.6947 15.7101 54.3385 58.0035 -62.2491 -1.92758 68.3138 31.6626 44.9651 -271.884 -85.3763 167.517 50.9642 219.478 75.2733 -153.267 -271.804 -74.7628 133.586 -233.685 22.1181 -45.9994 13.3694 14.1081 287.738 16.3218 -248.312 -144.309 95.8409 -170.184 43.196 -105.86
layer: 0 neuron: 33 -264.199 -20.4315 22.5539 -42.7927 -96.0931 -137.812 -95.5404 -57.499 -200.681 -55.7774 -38.8133 -36.0968 150.955 -332.329 54.3215 -49.0039 -71.9547 42.4361 -760.976 16.7932 -78.6545 -48.5862 -107.817 -106.678 -172.364 69.0369 -205.915 202.31 -109.791 -76.8432 -98.9119 246.141 97.9443 48.0419 -53.8313 -228.653 -159.99 -178.521 -191.045 340.134 -107.136 218.044 140.236 -52.3195 -178.393 36.6893 -29.3836 -170.59 123.68 1.14663 -12.5847 61.6912 484.051 66.2383 -60.3118 -121.617 100.174 -41.3899 -82.7014 -234.378
layer: 0 neuron: 34 -256.404 147.003 -19.1477 -11.054 202.17 -121.271 -180.908 -83.1467 -313.13 -57.0786 64.3085 40.5853 40.7946 -186.716 44.9956 -52.9074 -109.243 -53.7106 -1721.48 68.125 -85.4358 -124.299 -156.666 -30.3042 -212.244 123.787 -1081.94 176.658 -75.3126 -122.398 -36.5741 -534.089 80.395 70.2983 -4.11732 -116.066 -132.853 -985.121 -124.345 301.377 -92.9536 160.243 166.545 -28.0614 -984.937 -27.071 92.8084 -184.88 121.317 -19.3792 41.8441 -47.4486 -2.64527 44.1879 6.62947 -91.7322 97.1263 -73.2626 -62.0117 -101.888
layer: 0 neuron: 35 -99.9843 173.434 48.3271 -0.490629 95.2178 -79.3471 -128.052 -66.3048 -413.601 -228.88 156.343 62.355 -19.4823 43.4548 75.8747 -135.337 -145.092 -96.0768 -2488.46 9.72869 49.2025 -145.294 -121.554 25.7482 -56.5594 165.695 -1677.58 18.5613 -3.69409 -168.636 -54.448 -939.581 124.256 137.342 83.4554 97.3954 -112.014 -1493.92 -15.5009 58.7736 26.3273 77.9913 184.488 -19.7744 -1493.65 20.1284 154.417 -237.005 -52.6007 66.1076 131.572 -95.1358 193.388 32.3265 20.2618 -105.654 84.819 -51.2737 -67.1285 43.8322
layer: 0 neuron: 36 -88.7561 286.831 -52.2063 54.409 -72.5638 -108.101 -86.9557 -52.2504 -425.426 -232.831 156.401 -11.2238 111.129 24.9672 234.953 -256.458 -92.1469 -13.1822 -3547.19 -27.1491 149.383 -76.8219 -77.8841 145.254 -39.2233 289.425 -2587.59 61.632 70.1919 -145.506 101.818 -1692.15 54.4036 210.028 217.094 67.8255 -158.816 -2339.79 2.63206 192.149 -69.1579 -21.7954 217.058 -56.2869 -2339.45 184.817 81.0121 -260.372 -87.1671 91.0213 110.57 -238.667 -188.76 17.6574 248.245 -51.1896 178.326 7.16145 167.972 26.6384
layer: 0 neuron: 37 -135.028 42.6369 -31.1627 -209.845 253.881 -23.0686 -184.23 102.739 -373.65 318.147 -92.1766 107.794 7.176 -178.183 131.201 151.205 -96.3316 256.806 1020.99 150.273 -145.655 -38.4009 -16.923 -269.516 -131.939 193.753 1162.73 227.286 -30.8641 8.22893 90.4506 1181.33 -85.3404 -160.804 56.2119 45.9375 205.025 1042.7 -78.3795 284.537 -78.887 284.871 -19.7239 -172.268 1042.63 6.27416 133.209 -106.284 28.4615 -233.829 -127.031 64.6297 377.531 59.0073 -277.411 -183.914 89.71 -126.677 -10.22 -186.418
layer: 0 neuron: 38 -88.9444 -76.5649 56.503 -189.542 101.852 -13.0812 -34.7802 133.244 -342.924 196.355 -73.0588 41.4395 46.8193 -135.649 38.4855 150.32 -148.362 107.318 274.095 155.926 -115.324 -97.4217 -120.076 -156.761 -55.8964 206.378 588.77 165.928 -134.534 40.5849 105.879 820.601 22.7017 -36.9962 70.1152 -7.0482 95.8949 552.79 -133.413 167.863 12.6945 355.616 52.348 -106.561 552.791 -33.5546 57.5433 -174.57 34.5074 -122.668 -21.6041 55.4982 593.324 64.2569 -310.809 -215.111 107.365 -71.6959 -33.602 -167.63
layer: 0 neuron: 39 -109.245 150.721 13.3324 -232.052 210.754 -14.5485 -36.1302 124.73 -396.603 61.017 -35.4872 -20.8131 63.1276 -74.7596 165.813 15.3309 -121.123 169.246 -793.542 126.273 6.93499 -57.4369 -107.71 -186.217 11.1732 304.364 -331.787 169.158 -54.5165 14.8883 53.5166 57.1817 -63.071 -2.74942 67.492 30.8408 44.1433 -272.706 -86.1981 166.695 50.1424 218.656 74.4514 -154.089 -272.626 -75.5846 132.764 -234.507 21.2963 -46.8213 12.5476 13.2863 286.916 15.5 -249.134 -145.131 95.019 -171.005 42.3742 -106.681
layer: 0 neuron: 40 -264.291 -20.524 22.4614 -42.8852 -96.1856 -137.905 -95.6329 -57.5915 -200.773 -55.8699 -38.9058 -36.1893 150.862 -332.422 54.229 -49.0964 -72.0472 42.3436 -761.069 16.7007 -78.747 -48.6787 -107.909 -106.77 -172.457 68.9444 -206.008 202.218 -109.884 -76.9357 -99.0044 246.049 97.8518 47.9494 -53.9238 -228.746 -160.082 -178.613 -191.138 340.042 -107.229 217.952 140.144 -52.412 -178.486 36.5968 -29.4761 -170.682 123.588 1.05413 -12.6772 61.5987 483.958 66.1458 -60.4043 -121.71 100.082 -41.4824 -82.7939 -234.47
layer: 0 neuron: 41 -256.48 146.927 -19.2233 -11.1296 202.094 -121.347 -180.984 -83.2223 -313.206 -57.1542 64.2329 40.5097 40.719 -186.792 44.92 -52.9831 -109.318 -53.7863 -1721.56 68.0493 -85.5114 -124.374 -156.741 -30.3798 -212.319 123.712 -1082.01 176.583 -75.3882 -122.473 -36.6497 -534.165 80.3194 70.2226 -4.19294 -116.142 -132.929 -985.196 -124.421 301.301 -93.0292 160.167 166.469 -28.1371 -985.013 -27.1467 92.7328 -184.955 121.241 -19.4548 41.7685 -47.5243 -2.72089 44.1123 6.55384 -91.8078 97.0506 -73.3382 -62.0873 -101.964
layer: 0 neuron: 42 -100.118 173.301 48.1938 -0.623934 95.0845 -79.4804 -128.185 -66.4381 -413.734 -229.013 156.21 62.2217 -19.6156 43.3214 75.7414 -135.47 -145.226 -96.2102 -2488.59 9.59538 49.0692 -145.427 -121.687 25.6149 -56.6927 165.561 -1677.71 18.428 -3.8274 -168.769 -54.5813 -939.714 124.123 137.209 83.3221 97.2621 -112.147 -1494.05 -15.6342 58.6403 26.194 77.858 184.354 -19.9077 -1493.79 19.9951 154.284 -237.138 -52.734 65.9743 131.438 -95.2691 193.254 32.1932 20.1285 -105.788 84.6857 -51.407 -67.2618 43.6989
layer: 0 neuron: 43 -89.5173 286.07 -52.9676 53.6478 -73.3251 -108.863 -87.7169 -53.0116 -426.187 -233.592 155.64 -11.9851 110.368 24.2059 234.192 -257.22 -92.9082 -13.9434 -3547.95 -27.9103 148.622 -77.5831 -78.6453 144.493 -39.9846 288.664 -2588.35 60.8707 69.4307 -146.267 101.057 -1692.91 53.6424 209.267 216.333 67.0643 -159.577 -2340.55 1.87081 191.388 -69.9192 -22.5566 216.297 -57.0482 -2340.21 184.056 80.2509 -261.133 -87.9283 90.2601 109.808 -239.429 -189.521 16.8961 247.484 -51.9508 177.565 6.40019 167.211 25.8772
layer: 0 neuron: 44 98.6589 -22.1297 -102.031 -39.976 27.3843 36.6629 12.2019 88.9517 171.168 74.7593 24.015 -79.7377 -64.2303 0.161969 -61.9366 47.1211 38.0481 -4.894 -646.858 71.3923 23.4079 52.736 25.8207 3.2489 -50.6075 -73.7168 -705.789 -9.47799 -18.3835 114.579 64.0062 -684.066 -17.2502 -44.0126 37.0517 -26.576 57.8584 -565.64 7.05709 -77.2475 -3.93766 -50.5094 -105.289 8.18082 -565.52 -4.88684 -48.5793 75.9856 0.254251 -52.0496 -41.9802 66.9505 -282.819 -15.0542 -51.9438 28.6575 -80.404 -54.2922 136.193 10.6129
layer: 0 neuron: 45 98.4383 -22.3503 -102.252 -40.1966 27.1637 36.4423 11.9813 88.7311 170.947 74.5386 23.7944 -79.9583 -64.4509 -0.0586795 -62.1572 46.9004 37.8275 -5.11465 -647.079 71.1716 23.1873 52.5153 25.6001 3.02825 -50.8281 -73.9375 -706.01 -9.69864 -18.6042 114.358 63.7856 -684.286 -17.4709 -44.2333 36.831 -26.7967 57.6378 -565.861 6.83644 -77.4681 -4.1583 -50.7301 -105.509 7.96017 -565.741 -5.10749 -48.7999 75.7649 0.0336023 -52.2702 -42.2008 66.7298 -283.04 -15.2748 -52.1644 28.4368 -80.6246 -54.5128 135.972 10.3923
layer: 0 neuron: 46 98.6083 -22.1803 -102.082 -40.0265 27.3338 36.6124 12.1514 88.9011 171.117 74.7087 23.9644 -79.7882 -64.2808 0.1114 -61.9871 47.0705 37.9975 -4.94457 -646.908 71.3417 23.3574 52.6854 25.7702 3.19833 -50.658 -73.7674 -705.84 -9.52856 -18.4341 114.528 63.9557 -684.116 -17.3008 -44.0632 37.0011 -26.6266 57.8079 -565.691 7.00652 -77.2981 -3.98822 -50.56 -105.339 8.13025 -565.571 -4.93741 -48.6298 75.935 0.203682 -52.1002 -42.0307 66.8999 -282.869 -15.1047 -51.9943 28.6069 -80.4545 -54.3427 136.142 10.5623
layer: 0 neuron: 47 98.1924 -22.5962 -102.498 -40.4425 26.9178 36.1964 11.7354 88.4852 170.702 74.2928 23.5485 -80.2042 -64.6968 -0.304537 -62.4031 46.6546 37.5816 -5.3605 -647.324 70.9258 22.9414 52.2694 25.3542 2.7824 -51.074 -74.1833 -706.256 -9.9445 -18.85 114.112 63.5397 -684.532 -17.7167 -44.4792 36.5852 -27.0425 57.3919 -566.107 6.59058 -77.714 -4.40416 -50.9759 -105.755 7.71431 -565.987 -5.35335 -49.0458 75.5191 -0.212255 -52.5161 -42.4467 66.484 -283.285 -15.5207 -52.4103 28.191 -80.8705 -54.7587 135.726 10.1464
layer: 0 neuron: 48 98.8013 -21.9873 -101.889 -39.8336 27.5267 36.8053 12.3443 89.0941 171.31 74.9017 24.1574 -79.5953 -64.0879 0.304369 -61.7942 47.2635 38.1905 -4.7516 -646.716 71.5347 23.5503 52.8784 25.9631 3.3913 -50.4651 -73.5744 -705.647 -9.33559 -18.2411 114.721 64.1486 -683.923 -17.1078 -43.8702 37.1941 -26.4336 58.0008 -565.498 7.19949 -77.1051 -3.79526 -50.367 -105.146 8.32322 -565.378 -4.74444 -48.4369 76.128 0.39665 -51.9072 -41.8378 67.0929 -282.677 -14.9118 -51.8014 28.7999 -80.2616 -54.1498 136.335 10.7553
layer: 0 neuron: 49 98.4591 -22.3295 -102.231 -40.1758 27.1845 36.4631 12.0021 88.7519 170.968 74.5594 23.8152 -79.9375 -64.4301 -0.0378659 -62.1364 46.9212 37.8483 -5.09383 -647.058 71.1925 23.2081 52.5361 25.6209 3.04907 -50.8073 -73.9167 -705.989 -9.67783 -18.5834 114.379 63.8064 -684.265 -17.4501 -44.2125 36.8518 -26.7759 57.6586 -565.84 6.85725 -77.4473 -4.13749 -50.7093 -105.488 7.98099 -565.72 -5.08667 -48.7791 75.7857 0.0544159 -52.2494 -42.18 66.7507 -283.019 -15.254 -52.1436 28.4576 -80.6038 -54.492 135.993 10.4131
layer: 0 neuron: 50 97.829 -22.9596 -102.861 -40.8059 26.5544 35.833 11.372 88.1217 170.338 73.9293 23.1851 -80.5676 -65.0602 -0.667982 -62.7665 46.2911 37.2182 -5.72395 -647.688 70.5623 22.578 51.906 24.9908 2.41895 -51.4374 -74.5468 -706.619 -10.3079 -19.2135 113.749 63.1763 -684.896 -18.0802 -44.8426 36.2217 -27.406 57.0285 -566.47 6.22714 -78.0774 -4.76761 -51.3394 -106.119 7.35087 -566.35 -5.71679 -49.4092 75.1556 -0.5757 -52.8795 -42.8101 66.1205 -283.649 -15.8841 -52.7737 27.8275 -81.2339 -55.1221 135.363 9.78296
layer: 0 neuron: 51 -68.6411 -93.7889 117.597 79.3557 -39.723 4.46918 -127.476 8.98322 580.779 175.215 0.329372 -85.9529 28.5782 -211.138 27.7806 79.5861 2.5619 -56.5591 -2818.93 119.082 -8.62137 -8.5772 172.807 34.8625 -275.092 -212.002 -2322.06 -62.421 -64.4335 145.64 -9.97707 -1680.37 183.105 -35.0939 51.6043 87.6567 54.1875 -2013.23 -167.522 111.55 -32.2338 76.992 -61.9161 -23.9528 -2013 -108.58 -39.6588 -26.1241 -7.00489 -67.6983 -16.5125 -109.095 -258.741 24.5663 66.4394 -44.8661 -47.634 87.0689 -43.5222 -92.6405
layer: 0 neuron: 52 2.4296 -234.121 270.169 338.554 -93.5089 -177.83 60.9429 -45.1986 193.631 -5.41095 -188.874 61.9803 133.207 143.38 -90.2036 92.4062 -233.229 82.3719 -2281.51 -142.935 67.0072 -265.808 547.876 38.8263 -281.616 -6.44119 -1442.65 19.4492 -137.634 156.223 -313.678 -476.809 223.067 93.2178 -122.946 228.441 293.549 -1025.98 -28.1246 306.963 284.985 563.542 -12.282 128.296 -1025.7 129.596 20.4704 24.1722 54.8923 70.5954 -113.689 -28.2244 894.855 122.686 225.869 280.546 161.476 53.7924 -632.754 -341.965
layer: 0 neuron: 53 -31.3395 -449.989 -185.731 -396.742 -36.5832 -302.877 287.566 196.96 -229.078 -22.1602 -338.335 -163.334 -223.848 277.687 -410.896 438.947 -29.5736 201.655 -2012.1 -158.83 -74.4627 -319.045 -254.178 -141.888 -204.659 71.6187 -1264.33 136.727 15.4271 575.342 -132.209 -567.948 -132.569 -200.449 -314.142 -351.472 198.616 -910.683 285.33 229.605 346.54 33.7208 -188.381 -117.678 -910.384 32.2659 -343.854 274.046 -134.176 -2.4074 -202.372 176.576 -6.42756 -110.575 -226.159 72.2375 -48.6466 -221.052 -532.045 127.86
layer: 0 neuron: 54 -289.411 -131.468 31.0398 -110.42 -50.9049 64.5778 -200.815 -178.371 -585.172 -82.0255 -2.93221 274.952 19.393 -71.8776 -274.363 -46.9277 67.0293 -22.7735 -2092.61 -102.519 -285.516 -66.3218 -199.765 -165.341 438.121 -206.339 -1159.86 81.9468 240.198 -564.459 -92.5559 -415.636 135.139 -92.4088 -307.143 -20.928 -266.168 -1015.82 97.7027 -32.1463 -305.386 -48.4737 -71.6133 11.1719 -1015.5 199.794 -13.5867 -14.1672 -79.4754 -166.478 299.365 232.083 144.051 103.313 154.293 -365.52 11.1653 -130.008 -394.038 328.443
layer: 0 neuron: 55 -166.682 -234.548 -82.8114 99.5634 -178.701 177.905 143.015 -93.8904 -386.512 -138.74 -80.8588 286.645 44.3814 130.215 -231.673 -206.372 8.55228 -90.4022 -2460.94 -226.523 -322.691 123.815 -184.954 207.047 484.143 -181.553 -1590.7 -9.74273 193.083 -449.682 67.5352 -887.986 -130.072 47.9008 -99.5715 -91.3793 -100.984 -1436.63 92.3201 -206.246 -236.379 -297.946 87.4723 103.529 -1436.33 0.304194 -7.19418 -52.9274 169.389 -57.4709 158.893 104.425 -294.616 -241.954 3.98647 62.1489 -23.7014 61.2366 -61.0902 5.80354
layer: 0 neuron: 56 123.583 -108.565 434.711 440.122 -100.197 184.877 283.055 -149.088 356.634 359.455 -369.572 272.626 222.283 -207.249 440.361 134.015 -133.232 -57.2686 -1741.42 -174.844 -190.245 220.983 -29.3648 106.225 149.674 280.84 -1029.15 -145.44 -371.97 -157.534 91.654 -445.753 -66.6214 111.488 53.6571 -68.1031 -109.126 -933.499 -270.617 12.1168 32.8594 44.734 235.775 86.3474 -933.25 -209.773 -68.7625 18.2794 264.206 109.116 21.895 -311.599 -127.617 127.299 -24.5297 292.993 109.54 457.188 -77.6209 -400.212
layer: 0 neuron: 57 7.50519 -129.042 -50.7279 -227.571 -63.2096 29.9274 -214.168 109.827 256.111 111.667 102.697 -76.396 72.9685 25.9623 8.936 110.553 96.1339 95.3138 -1204.2 270.683 -60.8677 -8.36164 39.025 -70.4022 -201.501 -0.430126 -792.745 104.649 -20.4561 176.024 -44.4328 -443.962 -171.045 -233.686 7.19873 143.033 304.742 -731.628 -167.476 26.3706 87.115 64.0524 -94.4563 -168.502 -731.429 28.4918 94.1563 75.4498 -123.801 -119.271 -209.647 -74.6464 44.1271 -0.523862 -153.525 -58.1906 -37.263 -161.832 64.1667 -83.3547
layer: 0 neuron: 58 98.0971 -22.6915 -102.593 -40.5378 26.8225 36.1011 11.6401 88.3899 170.606 74.1974 23.4532 -80.2995 -64.7921 -0.399846 -62.4984 46.5593 37.4863 -5.45581 -647.42 70.8305 22.8461 52.1741 25.2589 2.68709 -51.1693 -74.2786 -706.351 -10.0398 -18.9453 114.017 63.4444 -684.627 -17.812 -44.5745 36.4899 -27.1378 57.2966 -566.202 6.49527 -77.8093 -4.49947 -51.0712 -105.85 7.61901 -566.082 -5.44865 -49.1411 75.4238 -0.307564 -52.6114 -42.542 66.3887 -283.381 -15.616 -52.5056 28.0957 -80.9658 -54.854 135.631 10.0511
layer: 1 neuron: 0 0.624581 -5.12389 3.9138 -5.95053 2.32711 -3.16363 -4.80093 2.36835 1.29438 -3.98434 4.58825 -1.71059 2.6173 0.954686 0.746263 0.221328 2.19437 0.262531 -1.69903 -3.58891 3.69456 -1.5913 2.33348 -3.18799 1.27687 -4.19993 -2.04524 -3.92548 2.16609 1.56894 -2.39304 4.58431 3.02231 -1.38101 -1.62241 0.611713
layer: 1 neuron: 1 -13.1799 1.66542 4.04811 -5.17806 0.455545 -6.72859 -2.41722 10.545 -2.30972 -9.02067 -2.17855 -7.20845 7.0453 1.77041 9.24011 5.54373 -6.67539 -2.27784 3.16364 -2.84692 5.64743 7.28314 0.478553 -0.742256 -4.23956 4.6386 -2.48651 1.71876 -10.3028 4.3159 -1.92736 -0.00267288 1.20949 1.22701 9.00038 0.792047
layer: 1 neuron: 2 6.13601 -3.06436 1.3931 -1.50817 -2.07624 -1.83853 -5.15371 -8.11331 -4.04956 -5.30307 -3.44329 -0.82642 5.49282 -1.75074 7.82863 -0.723238 4.96166 -3.95822 3.76269 2.50076 -2.15441 5.01953 -3.00397 -7.46585 -3.3252 -3.71473 -5.31182 3.92969 2.52811 -2.94294 -3.24785 -3.06346 -5.61267 7.08187 -2.43973 0.678976
layer: 1 neuron: 3 2.43374 -4.95315 0.465193 -6.45559 -0.995859 2.85898 2.92473 -5.67794 1.17612 -4.34737 -1.5138 -3.62192 -0.850105 -2.05937 1.32726 0.0288081 -2.19297 -4.78113 -0.411679 -5.2903 1.64514 -0.76248 -3.33904 9.31953 6.51242 -0.02044 -6.02632 -0.871833 1.75506 -1.89731 -2.65937 -4.04053 2.87831 2.60364 -6.53728 0.288675
layer: 1 neuron: 4 2.39261 1.37294 -14.79 -11.4929 1.39747 -19.8997 -1.83776 -1.9157 1.35108 3.87892 9.1973 -1.75098 -6.47102 1.89435 0.501303 -0.423285 -3.16287 5.08436 -0.918863 8.79733 -1.93537 -4.49069 1.90215 9.00528 6.27964 1.24459 8.86859 1.07932 -19.3111 -0.473565 6.51567 8.01457 3.36956 1.29772 1.45854 0.485305
layer: 1 neuron: 5 -1.92623 -0.532688 0.700096 -2.62203 2.55763 -2.78395 2.43636 2.53588 -1.45805 1.1626 -0.783755 1.25783 0.230894 0.129347 0.115633 -0.581156 2.82535 -3.40312 -0.107718 2.25316 3.52775 3.01102 -3.90515 0.799425 -1.12855 3.02951 2.82128 -2.84276 3.37666 4.25177 -7.81219 -4.68503 -3.1418 -2.7149 -4.59439 0.805902
layer: 1 neuron: 6 -1.72919 2.91006 1.58565 -4.3186 -1.34981 -1.25104 -5.12008 2.83216 -10.5785 3.52415 -5.23387 12.5906 -3.19095 -1.37335 6.9297 5.19391 -3.06218 -6.04535 -5.48128 1.11997 -1.47827 -4.16429 -0.777178 -1.22569 -3.76357 -1.05402 -3.71183 5.22202 2.00858 3.2699 0.670876 -5.55178 2.97958 0.864758 -4.60455 0.649434
layer: 1 neuron: 7 -6.36304 -0.764278 -1.62849 -6.37737 2.89132 -4.67655 3.86622 -0.521126 -2.62287 3.21931 6.84068 11.0487 -13.4841 2.71477 3.51877 6.6427 5.69613 -0.976823 0.495163 -0.0771645 8.88725 -0.436316 3.89146 1.04186 -4.28642 -4.22128 1.24218 1.15142 1.35426 0.117055 -4.83524 -1.66068 2.77222 -6.68339 -1.80348 0.593066
layer: 1 neuron: 8 2.72917 1.99498 -13.141 -10.715 -10.4039 2.98352 -4.05904 -5.85858 -0.634439 -10.179 7.08377 -0.33838 -2.70928 -2.05773 0.298871 0.546043 1.33168 9.19288 -5.3273 -4.20278 1.63737 2.75826 6.49708 5.55477 -5.69163 1.89124 -4.11951 2.83925 -1.86208 -2.61917 6.27727 -3.52056 -5.74312 2.82963 -0.297731 0.16892
layer: 1 neuron: 9 -4.45964 -3.52495 2.43724 2.66214 2.99431 -1.96444 5.982 2.07075 -2.12924 0.151053 6.20286 -0.587159 -6.33507 -14.9332 -3.05473 -3.87632 -5.35512 -3.02953 -2.92709 7.48741 -2.21794 -4.44337 -0.0936287 -2.24555 5.5257 -4.00491 7.71058 3.69189 0.0430399 -4.07811 0.392438 -0.65625 2.26106 2.32927 -0.0390465 0.232215
layer: 1 neuron: 10 3.91254 0.404105 0.176728 1.19176 -4.68333 2.04389 -1.49323 11.0576 4.15942 3.13341 3.15576 -3.40083 -1.11139 -0.23403 -3.29945 -3.09545 -0.425542 2.84532 -0.126899 0.936629 2.80185 -10.2648 7.33347 7.58863 -2.31323 9.87012 2.16237 -6.40635 0.221553 4.95929 -1.24671 4.57389 5.51367 9.29193 5.40268 0.136052
layer: 1 neuron: 11 6.58093 6.62432 7.35288 6.24067 2.15121 -1.96467 -2.95802 -6.44974 4.29624 -3.00562 -2.16369 1.33132 -5.9734 -5.52764 -0.80513 -3.17107 -4.50639 -5.43323 4.3803 2.56151 -4.35247 -2.54472 -2.77477 -1.86329 1.77044 -4.37481 3.13368 -9.57546 -1.68627 -2.16898 -2.40444 -1.74975 3.12351 0.219531 8.00211 0.244453
layer: 1 neuron: 12 -5.10141 2.28849 -1.41403 -2.92988 -1.54327 2.08532 -3.69014 -2.62284 10.05 -11.2521 -2.26315 16.4781 -0.275021 2.68464 -0.59385 -2.73768 0.277266 -2.87783 4.50047 -1.47034 1.04513 1.11098 -4.76666 1.30891 -3.60749 4.06361 1.51582 5.7994 -0.525381 -0.317523 -1.89439 -4.62631 -8.27062 -3.23473 4.35308 0.656209
layer: 1 neuron: 13 3.01919 -4.39178 -1.85665 -2.35847 2.37185 -5.40531 -2.05865 4.67808 -0.816085 -3.16899 -3.27864 2.2421 2.36666 9.82591 -2.88039 0.0939526 5.57898 -3.8367 -4.03773 -1.42413 -2.08683 -4.51323 -11.2653 -1.48599 0.747062 -4.80358 3.3727 -15.4639 0.304472 -7.78638 -6.8972 -1.921 -2.56725 2.68392 -8.23633 0.119938
layer: 1 neuron: 14 -11.7719 8.0692 6.10784 8.3525 8.86893 -1.75391 1.61302 2.59233 -7.82722 -4.38553 5.24203 -5.91419 -3.6169 -7.7068 -3.44928 -1.22052 1.38737 -1.19022 2.92541 5.14001 7.16739 1.71164 0.923519 -0.153002 -3.15078 0.244119 -16.5612 -0.345128 -3.65146 2.98291 -1.96024 -5.13168 -1.85912 9.91454 8.05057 0.402692
layer: 1 neuron: 15 0.549445 -1.70147 -0.0125528 -0.889323 -3.70137 -2.45248 1.43898 0.0625575 -4.30823 0.529328 3.28492 -1.27405 2.25527 -2.79007 -4.16196 1.00649 -1.76449 -0.971043 -1.85271 0.608431 -2.65427 3.49601 3.14321 -8.13738 -1.71997 -5.96847 3.18858 7.35517 -2.21654 -0.679211 -1.02339 -5.30614 -1.46082 -1.88396 3.95295 0.719504
layer: 1 neuron: 16 -2.67005 -11.0761 3.11015 -0.682555 0.638021 4.64481 0.856052 -1.13395 2.94348 1.6393 -0.936673 0.896189 2.28117 0.281109 -0.38063 -2.24514 -0.301886 1.2382 1.7461 3.38324 -2.68169 2.01231 5.58729 2.50993 0.455756 -0.536832 -3.94862 2.98972 -2.62592 0.394327 4.42588 0.673139 0.822935 -1.02341 5.12195 0.212958
layer: 1 neuron: 17 -8.09677 -1.41584 3.78546 -0.48402 -6.85375 6.55027 8.10608 -2.19538 -3.40439 -7.233 -0.624568 2.82329 -2.75642 1.62759 1.00219 -4.4779 -0.633952 3.4479 2.33588 5.06643 3.75303 4.39645 -4.25178 -4.61153 -1.50468 -5.85296 3.82332 3.59422 -4.74203 -1.4673 5.60138 1.82791 1.0966 -5.68346 -0.370467 0.08417
layer: 1 neuron: 18 16.9882 20.1322 17.6807 16.0684 12.1057 12.2563 13.7719 15.7108 22.0057 15.8781 15.1276 19.2776 17.9993 21.8424 18.033 11.7098 14.4622 16.0731 19.0897 12.6914 15.5818 17.0977 12.4085 20.0894 15.6869 11.9091 16.4477 21.954 10.7706 14.1805 19.784 18.4927 12.8303 14.261 15.4247 0.866298
layer: 1 neuron: 19 -1.4608 0.516102 0.485201 -3.86038 0.550828 -1.34946 -1.40694 -0.971967 -1.83404 -0.119008 7.58838 -1.45643 2.0961 0.812372 1.78359 -0.770332 -4.84073 3.36646 -2.21823 -4.0697 3.74321 -3.2646 5.88605 5.84104 -6.69254 4.05572 8.69096 4.48627 -4.25388 2.78164 -5.09651 -0.918461 0.0187434 0.372128 7.04709 0.480697
layer: 1 neuron: 20 -6.16689 -4.31249 3.16737 3.23107 1.98852 -2.65983 1.13564 5.8958 -1.84887 -0.382739 2.76318 0.763168 -1.30162 1.89898 2.53752 1.20909 -2.51894 -2.18107 -2 -3.69671 -0.117045 -1.4688 -1.20448 -8.23489 -7.94797 4.81787 -7.73116 -3.83133 -2.9686 3.84335 -6.75356 -13.3147 -0.934068 2.48244 13.0693 0.811487
layer: 1 neuron: 21 -0.714789 1.8823 -1.36584 -2.89368 -1.3429 -0.701885 -1.86889 -4.16389 3.70267 1.04247 -1.76451 -3.08668 2.3376 1.27973 -3.16864 -0.316023 0.297297 -1.37927 -0.989563 0.0434365 0.369552 0.572637 1.4797 8.27645 -0.990349 -0.141711 2.89129 -2.77778 0.750959 0.399174 1.8833 -1.42787 0.660077 0.459851 4.76825 0.628529
layer: 1 neuron: 22 4.34278 -6.63561 2.5693 -1.38063 -3.83836 1.70293 3.83373 -7.13202 -7.27972 -4.29461 0.528852 -5.16036 0.734171 -1.16173 -0.800364 -1.48659 -2.39247 7.01147 -4.94642 2.49521 1.76379 4.80682 -0.177427 0.931243 4.03665 -0.718525 -2.41214 -4.67016 -4.06942 0.0268947 6.30894 -5.17537 -4.41803 0.92985 -2.45842 0.254707
layer: 1 neuron: 23 3.33606 -0.919005 -5.09707 4.65579 3.85632 0.508611 -0.668953 -2.46451 -3.29162 1.85402 -3.2516 -1.6386 -5.27053 -6.26949 -6.14108 -7.43359 -5.09504 7.15208 -1.93144 1.46218 -10.5664 -3.61621 4.27276 0.209265 4.28239 -0.537831 -3.45564 -2.05358 1.42087 -6.18942 6.75949 -2.34315 -1.30183 -0.256422 -5.06112 0.127995
layer: 1 neuron: 24 -1.00475 0.155584 1.25258 -0.437453 -1.79557 -2.49367 -0.660672 0.634564 -8.51362 1.29515 -7.44137 -0.346686 7.13109 -2.55947 -10.3619 -3.46423 4.26483 -3.83329 1.05441 -0.757156 -2.93948 -4.61614 -0.47046 1.07454 1.52146 -3.00953 -4.67334 0.141104 0.21102 4.09685 3.76028 8.01738 -1.29091 -2.27367 2.35026 0.800958
layer: 1 neuron: 25 -9.37696 5.52808 2.03137 6.59096 1.82271 -4.54076 1.26623 11.808 -2.84475 1.5061 1.04982 -0.760111 5.43844 -10.2468 1.00113 3.71368 -4.83438 -0.784395 5.11408 1.32383 -2.4247 -4.86091 -1.13263 -1.37661 -1.70167 -1.19706 3.90612 1.29161 1.65836 3.26029 -3.56894 -2.04602 -3.52834 2.94981 -1.63897 0.758538
layer: 1 neuron: 26 16.6791 20.8365 17.8692 16.2232 12.6127 11.9473 14.1821 15.4017 22.0901 15.569 14.8186 19.7502 18.0278 21.8693 18.0191 11.547 14.4935 15.7641 22.2745 13.0685 16.223 17.3337 12.4354 20.599 15.3778 11.6003 16.4746 21.645 10.9187 13.8715 19.4749 18.6126 12.8627 13.952 15.6144 0.89172
layer: 1 neuron: 27 -6.90408 5.60355 -0.656628 -3.05563 -2.88554 2.51291 1.9475 0.322388 7.45825 4.25333 -2.76892 8.25981 -0.0775054 -4.00097 0.35234 -1.41933 -10.0358 -5.36533 1.81307 -1.89798 3.09121 -0.331414 3.21501 -6.05562 -8.35602 -0.75254 4.01413 0.957035 -1.50445 -1.51562 -4.34739 -2.98786 5.10537 -2.36494 10.0209 0.169286
layer: 1 neuron: 28 -0.619416 1.14686 -2.72068 2.28002 -0.301612 2.73004 -0.41877 -1.75823 -4.47078 -4.39762 -5.16204 2.20999 -6.64574 0.462174 8.99057 -4.34226 -8.67034 0.903905 -0.436159 2.5713 -1.53562 6.75328 4.64754 -1.38821 -5.12434 -1.98971 -4.88181 -3.29525 -0.939145 1.19173 0.564774 -2.42734 0.0156836 -5.43707 6.87414 0.720695
layer: 1 neuron: 29 -5.82007 -10.8771 -3.34922 4.74845 0.886402 1.91155 -3.61103 1.5024 -3.49086 2.87663 1.5264 -0.457534 -4.50676 0.656269 -0.0458473 -0.583084 -7.88249 9.36344 -4.69055 -0.370845 -1.53668 -2.22598 3.38604 -5.03105 3.90688 -0.0489853 8.35316 4.29318 4.35819 -0.94618 -8.93797 0.930024 9.35524 -0.51719 -0.804355 0.167302
layer: 1 neuron: 30 -1.78468 3.49418 -3.45895 0.0352525 2.83954 -9.15435 -1.4507 1.84083 -2.19254 0.812164 -1.25065 -4.75851 -10.3928 -13.3635 -3.88772 0.993195 3.32587 -1.95486 -3.1687 0.0488238 -3.62685 -5.80274 -1.48914 -0.0834453 -2.76734 -1.68218 -2.97546 2.87922 6.19761 4.01816 0.535322 -1.21238 0.115211 4.65998 0.991721 0.264718
layer: 1 neuron: 31 15.9952 18.8716 16.1601 16.276 12.536 12.336 12.0963 15.4545 18.1587 15.9578 14.8715 16.7772 16.9147 21.922 15.2398 10.1706 13.5329 15.8169 23.3495 12.337 14.2491 14.3621 12.4882 19.8868 15.7666 11.3171 16.0484 21.3612 10.3699 14.1337 19.5277 19.0014 13.2514 14.0048 16.0032 0.941496
layer: 1 neuron: 32 7.45741 -5.26545 1.07507 -3.46388 -3.18678 -1.78515 3.06749 2.63505 3.98324 -1.05537 1.60899 0.662956 5.00716 -0.198182 2.71431 3.69835 -1.73016 1.45399 7.55548 2.06041 3.24371 -0.013087 -1.98347 -3.10076 -3.5766 -0.445414 -4.3779 -4.76198 0.855533 1.56103 2.80302 5.49024 -0.956339 -3.0047 -0.14009 0.662038
layer: 1 neuron: 33 -4.10884 1.61266 -1.55455 -4.53546 -2.27125 -5.69323 2.89054 -1.40641 -0.096022 1.74493 -1.1205 4.13742 1.32303 -0.889051 4.47909 5.60555 -6.00262 -0.730246 4.47408 -0.832044 1.90597 2.09892 -3.52767 1.79446 -5.64947 4.11742 -6.89475 -0.182199 1.24302 1.38992 -1.07256 -4.73576 5.37349 -3.27157 -0.616765 0.774834
layer: 1 neuron: 34 -7.43662 -5.50179 8.85253 -5.09703 2.11777 -4.40732 -1.1273 0.38932 -4.53725 -2.67823 6.49963 -9.37584 -1.64948 -5.69706 -7.64526 -2.27327 -1.62842 -3.83334 3.41743 0.283126 4.24467 1.35329 -6.27867 -3.48951 -15.6887 -0.742234 -0.0137643 4.42616 2.32501 -5.19592 0.0138597 -2.59208 2.77484 4.54315 6.22529 0.532456
layer: 1 neuron: 35 -4.992 2.32273 14.4048 -0.684309 -4.74314 2.82463 -6.20943 -6.51523 -7.88828 -4.14938 0.503123 -5.72275 3.29948 1.62652 4.19342 -5.31969 3.49837 -0.797647 -2.86256 -2.98069 -1.84054 -3.86634 -7.73424 -2.9929 -1.6718 -2.15405 6.92213 -16.7325 1.6924 10.7112 -9.52411 -7.06799 -3.37461 0.421194 -8.063 0.713126
layer: 1 neuron: 36 3.13446 -7.93473 3.13828 7.84208 -3.35157 -1.1449 -1.93934 -2.07432 -3.55537 -7.17432 1.4931 -0.662541 -4.25681 0.84097 -4.64452 -2.52852 1.89802 -1.37821 -5.48523 4.47262 -3.64571 2.02024 0.695235 3.35949 -1.63611 -0.954506 17.7018 -2.32293 -3.64566 -7.83435 3.0975 -2.44286 -3.31709 3.15751 -2.85787 0.0852382
layer: 1 neuron: 37 15.9396 18.8312 15.7937 15.896 11.7586 11.9579 11.6678 15.4123 18.4517 15.5796 14.8292 16.9208 14.9194 21.8799 14.5279 9.68743 12.7271 15.7747 18.6036 10.4592 14.5466 14.285 12.446 17.4774 15.3884 10.2271 16.4653 21.3189 9.60473 13.7555 19.1078 18.6232 12.5258 13.6266 15.625 0.90173
layer: 1 neuron: 38 0.0466807 -0.122507 0.48372 0.434999 -8.12886 0.984447 -1.6166 4.22117 1.97043 -2.6169 -8.81746 -0.823834 -2.37488 -1.1058 1.10442 -2.59766 -3.58295 -1.81271 -5.14219 -2.08348 -4.60446 -1.33965 -7.94546 -8.28573 1.107 -3.98799 2.70771 -16.5324 -0.788448 1.10069 0.481612 12.8366 10.2387 4.1724 1.75957 0.127934
layer: 1 neuron: 39 -4.19224 7.303 -2.69223 -2.91039 -0.874417 0.915187 -1.82086 0.898207 14.2845 2.68923 5.19334 0.322887 -10.8949 -5.99823 4.2002 -3.61901 -7.96134 -0.531408 7.1285 5.05244 -4.93749 0.50016 2.40364 -0.0201662 -0.942854 -1.59732 0.282704 2.04509 -3.81464 0.616034 -7.0624 -8.93056 6.16002 -7.43287 -0.773391 0.500107
layer: 1 neuron: 40 -0.298379 -5.13971 -0.601092 1.69418 3.21489 -1.81368 -4.28147 1.97232 -3.08828 -0.494968 -1.06251 6.51736 -1.07428 11.6817 -0.249699 2.84173 0.307637 1.94898 -4.21083 -0.545963 -5.46777 2.29115 -1.67085 2.37861 -4.42929 -2.12892 -0.234779 0.315588 -0.484826 -7.33211 -1.14281 -7.36217 -5.8618 0.97048 -4.1642 0.498123
layer: 1 neuron: 41 7.56787 7.99432 -0.47017 -3.47952 -0.421742 0.227553 1.1533 10.7657 -2.55913 -2.65174 -1.11338 -10.1961 8.15673 -5.9947 1.95777 2.47981 0.470729 -1.86312 5.80319 4.99411 0.0750464 5.10752 0.114735 -6.01021 -0.842373 6.99124 0.433343 2.27482 0.00848006 3.58786 -1.54354 3.99854 -4.32475 3.34771 -8.72518 0.859371
layer: 1 neuron: 42 -0.214339 2.72302 4.07764 3.49952 -3.63354 0.0149669 -5.44881 -0.919003 -0.0380108 -2.85789 -9.12922 0.117952 7.10215 -4.16526 -3.33335 0.290304 -4.05453 0.141217 4.01943 1.26259 1.42711 3.11965 -7.87973 8.43134 -5.89515 2.04724 -0.795037 4.11871 0.417596 -3.28707 10.8435 0.345886 5.18403 9.97574 7.43804 0.113681
layer: 1 neuron: 43 5.00581 0.3555 -4.25093 -0.401738 -0.778911 -3.2241 -3.38273 0.608187 4.34701 1.7294 -1.78988 0.378706 -0.937352 2.26968 1.20605 0.890481 -6.37878 -5.58681 -4.0207 -0.712766 -6.22258 -1.47104 -1.96296 -1.23363 -4.57041 1.82783 -0.0321426 2.13258 2.08861 -0.697492 -7.01099 -1.97667 -2.44049 -1.60248 -0.949682 0.625141
layer: 1 neuron: 44 15.9394 18.8311 15.7936 15.8959 11.7585 11.9577 11.6676 15.4122 18.4515 15.5795 14.8291 16.9206 14.9192 21.8797 14.5278 9.68729 12.727 15.7745 18.6035 10.459 14.5465 14.2849 12.4459 17.4773 15.3883 10.227 16.4652 21.3187 9.60459 13.7554 19.1077 18.6231 12.5257 13.6265 15.6249 0.901608
layer: 1 neuron: 45 0.639982 -2.08612 1.69711 -5.67816 -2.15093 4.23646 1.90133 -0.389648 1.96223 -2.89863 -3.66408 1.83353 -0.416998 -3.8619 3.84252 -2.47705 0.427608 1.38472 4.89058 2.30002 -0.232947 3.6588 -1.79963 3.4588 -3.94357 -3.52149 1.82014 -13.8745 6.37715 2.19062 0.772882 -0.705935 0.60171 -5.48707 4.32957 0.237007
layer: 1 neuron: 46 3.9878 6.50878 1.96667 -15.0605 4.84075 -1.34067 2.16833 -6.19163 -2.56771 -11.2937 2.39235 0.660752 -3.13947 -0.518069 -2.47142 -1.90336 5.19042 -10.1427 4.55342 5.4909 6.83679 3.79941 0.579563 17.3271 -3.47692 -2.22153 9.63616 -12.6749 -5.99217 -0.433353 3.39045 3.41411 6.78411 2.44834 -3.65771 0.44496
layer: 1 neuron: 47 -2.95325 3.55233 -4.78343 -4.11318 -5.07712 2.09211 0.68595 3.3608 1.12699 1.22075 4.96117 -2.31081 -0.55682 1.95565 -0.802565 4.14032 -0.251806 -1.48692 1.38759 -1.33712 -3.67669 0.415665 11.0479 -3.09255 -2.31726 -5.98347 3.17574 -5.35149 0.00651312 -2.83962 0.532408 -6.1198 0.392224 -0.808958 -3.09503 0.552995
layer: 1 neuron: 48 3.60492 -3.28747 -13.0056 -7.53608 6.54411 -7.20995 6.8817 -8.4949 4.08345 -7.24667 -1.77186 3.79815 -2.04612 1.26966 0.221271 -4.14022 -1.19673 -3.06953 4.07698 1.27704 1.62049 5.0176 1.06852 3.40087 -5.49763 -1.74222 -0.557525 2.97138 -7.2454 -5.08048 8.4681 11.2188 5.80535 11.8311 0.340513 0.409711
layer: 1 neuron: 49 2.24922 5.76966 1.53095 5.89747 -0.00845937 -2.84859 -4.05389 2.35751 -2.43288 4.72027 -6.19028 2.6402 -4.4171 0.508887 -2.08766 1.61742 1.65676 1.66673 -3.45354 5.92098 -4.44657 -1.03705 1.10107 2.04977 -7.4917 1.60498 -1.11126 0.283469 0.318965 -2.25361 2.6284 -2.03347 3.32382 -0.61203 1.03111 0.667684
layer: 1 neuron: 50 3.93587 2.76349 -4.52949 -1.78228 -0.267498 -7.63708 2.06062 -5.90913 -1.4132 0.937011 4.12222 5.08542 2.16375 -1.88662 6.13438 5.08222 0.40583 -3.07671 5.16597 -2.92338 3.62285 -1.19245 3.32382 5.60508 -1.22833 -1.32704 -5.12473 -6.2308 -5.0284 7.65813 -4.54709 -0.172434 -0.473773 -5.68671 1.63937 0.797571
layer: 1 neuron: 51 7.15391 -0.93682 -2.34363 2.86086 -6.10587 7.96616 6.06695 6.94717 -0.129155 -1.20505 -3.75814 2.19106 1.81084 19.3641 0.419325 -1.2816 -7.58458 -2.51907 -0.774681 -4.77258 -0.225712 -1.57831 -1.34835 -3.61239 -0.362036 3.143 -0.0112844 0.362486 -4.512 5.80688 -2.69554 -7.09718 -3.99087 0.0952399 6.00188 0.032136
layer: 1 neuron: 52 13.2132 -5.15723 1.3616 16.6204 12.6726 8.26369 1.27384 15.463 -5.35528 15.9662 14.8872 15.7747 4.19646 21.9305 2.53022 9.01756 11.4329 13.9945 18.1725 6.7709 9.52884 2.60509 12.4966 17.6099 13.9519 11.1257 0.326803 0.342974 0.41271 14.2687 15.7694 19.0098 12.7892 10.8978 16.0116 0.949431
layer: 1 neuron: 53 0.763441 -3.66041 -1.56304 -5.73308 -2.02356 2.33063 6.40364 -0.580894 -0.0392402 -1.24721 3.71949 -2.8891 5.78922 -2.91924 0.387675 3.74035 1.67032 1.83189 6.62388 0.197252 -0.924411 -0.426251 1.37894 -0.752101 4.60381 3.13802 -3.41907 -1.61716 -1.07881 1.24374 -1.46597 -3.203 -1.15316 3.25395 6.45491 0.353496
layer: 1 neuron: 54 -1.61939 -5.09563 -0.160536 -1.38852 1.55596 1.01649 -0.718602 -1.6607 8.10246 -1.49345 0.25384 -5.12005 -4.65247 -9.48178 0.304938 -2.89388 3.47945 -2.20014 2.26932 0.892376 -8.6976 1.22543 -2.91463 -4.45888 0.950239 -0.428768 -14.3939 -9.11483 2.48685 -5.60167 -0.500477 -2.39138 -0.400459 2.85292 6.8045 0.116245
layer: 1 neuron: 55 -4.3521 -3.66676 -0.437897 0.41238 -3.81654 5.84835 -9.81155 1.24779 -3.90472 -2.93335 -13.0668 -7.37906 4.29498 9.77038 7.46777 -3.39818 -9.61644 -2.35054 -1.98832 -2.56771 6.07563 -2.64272 4.55918 -1.04693 0.357589 -1.04493 -5.28329 4.73025 -0.0670244 -5.8552 3.61198 -2.28772 1.51069 6.66301 -2.34247 0.0743736
layer: 1 neuron: 56 -3.41339 3.08878 5.56078 -2.2488 0.597414 -3.27751 4.48063 -2.9404 -4.93753 -2.46887 -1.05178 2.40736 3.8244 -8.26783 1.31756 2.66774 0.107388 2.53047 6.49274 3.48055 3.80046 1.80224 2.70426 -2.88558 -2.51194 -0.592093 2.67021 -2.52541 2.1912 -3.8789 1.80191 1.06796 5.9085 5.70662 6.71529 0.446669
layer: 1 neuron: 57 1.90167 -2.34628 11.1532 8.79824 -0.560471 4.49338 1.18021 2.75403 -12.3094 -5.59247 0.557762 -5.3899 0.955623 -11.495 -2.24683 -3.98316 -3.20877 -3.98359 -4.21877 3.07213 4.42938 2.659 1.37142 -5.76087 -3.85519 -2.21541 1.00781 1.43101 5.48289 -3.79035 -4.67303 -1.43994 -0.500073 6.13565 6.32293 0.132359
layer: 1 neuron: 58 -5.94869 3.90378 -2.29282 -2.55463 4.64135 -4.16609 4.59894 -0.530352 -3.25711 4.25345 -0.605093 9.26265 -4.42388 -6.41222 -5.713 0.722161 -8.4497 8.4761 -6.69267 -0.345184 0.865556 -3.42237 -4.38715 10.8987 -2.67029 4.49177 2.74046 1.33611 1.80716 4.09672 -14.418 5.21646 0.371348 1.78644 3.10097 0.540269
layer: 1 neuron: 59 5.22807 -0.384457 -4.3919 -0.0181199 2.87032 0.19866 -0.538682 4.84582 1.38303 8.48037 -0.544892 -1.56119 3.17353 0.4563 2.85623 0.488431 -0.487724 -6.77302 -0.426951 -0.083983 0.246307 -1.9241 9.92662 -6.34578 1.07428 2.23246 -4.83709 -15.9972 0.184334 -2.07495 -0.490576 13.3734 -3.70691 -3.84312 8.16111 0.803705
layer: 1 neuron: 60 -16.3526 -20.5043 -17.873 -16.227 -12.6165 -11.951 -14.1875 -15.0695 -22.0939 -15.5728 -14.4872 -19.754 -18.0316 -20.8651 -18.0228 -11.5508 -14.4975 -15.4319 -23.6365 -13.0728 -16.227 -17.3375 -11.7672 -20.6587 -15.3816 -11.2681 -15.813 -21.3129 -10.9227 -13.8753 -19.4787 -18.6164 -12.8664 -13.6199 -15.6182 0.405103
