topology: 62 60 37
layer: 0 neuron: 0 -6.50835 21.4231 1.96332 6.34458 7.13223 19.473 9.62156 4.43839 -3.61369 0.0914427 11.6187 4.27753 -1.6266 -5.59278 0.94871 6.18883 11.277 7.45388 6.5068 1.46511 5.3226 2.168 0.533059 12.406 -5.54378 6.91065 -13.4281 0.934618 -10.5822 5.58367 3.90849 7.21193 -1.88696 7.64163 4.06897 -21.4878 -5.84197 8.48668 -3.72324 1.62653 9.36604 -4.23153 -1.96562 4.14288 2.87011 -17.0079 9.35199 -6.5108 11.7728 2.19218 1.13127 -8.22483 15.556 4.60349 3.43336 3.50021 6.22331 -2.39033 12.3051 7.6298
layer: 0 neuron: 1 7.78889 25.6872 -6.66448 -0.208794 17.3649 6.62853 5.42167 -1.50192 -2.22593 -0.638968 2.65373 2.95426 -12.3815 -4.7924 3.40359 7.91153 16.6059 3.18853 0.551018 -6.89237 -5.40082 0.534206 -2.6384 16.8994 -14.128 16.3362 -5.89578 -4.72403 -4.97466 14.5263 -1.32928 -3.1419 -6.95518 14.7043 4.25982 1.43014 9.85573 -11.7993 1.24072 -0.104397 9.69475 4.40201 14.0624 -5.67426 -1.69189 5.85475 -3.42284 12.2069 -7.80817 2.01485 -6.88562 -0.794065 1.63638 4.31622 -6.59569 6.72435 6.56425 -4.97314 18.5333 3.0534
layer: 0 neuron: 2 -2.25335 9.85254 -9.53676 0.371723 23.5433 -10.5915 6.33069 2.88651 -12.8536 0.856147 -0.804253 2.01109 -12.632 -1.54405 3.86596 -2.01627 19.405 1.18159 -1.42797 0.159803 5.40461 0.389086 -6.36866 23.4162 -14.2546 22.4724 3.27717 -8.47079 1.20419 9.12164 -3.40696 4.27712 -4.20694 21.4802 -0.572934 2.49297 10.4221 -9.3161 5.44608 1.16724 4.36417 -2.33401 3.4213 -4.0305 2.32973 6.43382 -9.92228 -9.69492 -10.3798 0.801219 -5.91304 -0.648662 3.97387 6.33282 -8.3304 10.753 6.90974 3.73325 22.0955 4.75876
layer: 0 neuron: 3 -4.23512 -8.41672 12.5891 -6.18412 9.36954 -13.173 9.44158 0.330386 -9.27713 9.19785 -9.01081 6.37865 -7.64937 -4.67237 6.3474 -11.8508 4.69865 7.29028 -1.29341 -3.29789 2.93443 -1.24118 -7.39139 7.72478 3.89522 8.8078 7.44986 -0.485228 8.88325 4.61342 -4.65503 -1.74479 -1.6072 7.77158 -8.24699 11.8641 -0.562625 -12.0154 -0.377154 11.9302 -12.2476 1.40479 -1.70153 -12.2991 4.80609 3.63898 -13.7975 -21.2958 -9.70932 -8.89931 4.07074 -7.90441 17.511 -4.38035 -8.09255 7.26331 -10.6754 7.8378 4.32494 0.0391498
layer: 0 neuron: 4 -6.0064 -15.0894 29.0919 0.423263 -2.79218 5.35336 -2.66941 -5.59225 7.87594 -2.20535 3.55121 9.71305 1.5972 -2.98709 -5.45143 -3.80878 -2.47726 7.91497 3.42125 -6.15293 -2.00846 4.49572 11.4211 -3.05568 10.9275 -3.34465 -3.00314 5.66486 3.35363 -10.405 0.852004 -1.68528 5.15659 -3.65574 0.00384856 10.0315 -7.48966 -3.51182 -8.49233 -2.40267 -13.2812 5.65859 -4.16055 -2.20632 -2.56637 6.57946 -0.0311379 -9.63428 1.68257 -7.2552 4.71289 1.13435 14.154 -14.3081 7.53921 -5.51054 -23.6108 5.31662 -3.68288 -2.64758
layer: 0 neuron: 5 -10.4664 -9.62433 12.5514 12.875 5.72738 -3.22477 4.23361 -1.21205 1.87388 -11.0916 -1.19786 1.20396 16.7586 4.70801 -3.81469 6.01972 4.79539 -7.53993 5.3731 -0.981402 4.03572 3.50475 11.9537 6.81018 -4.26739 4.67512 -2.10599 9.71195 -5.32435 -2.6836 19.3708 -1.18066 -4.47538 4.23956 -2.45566 8.69641 5.86553 5.56178 3.0452 -8.36539 0.235323 8.63605 -3.01373 3.66767 -3.14728 -4.70875 8.47431 -3.94394 5.10523 -1.19602 -1.27966 20.136 2.34308 0.326304 7.32999 -2.99648 -3.06792 4.81601 9.86835 1.53182
layer: 0 neuron: 6 0.0557796 2.58851 3.39343 -5.18089 10.2438 -26.4627 -0.455118 5.64711 3.19325 3.31337 -0.313819 -6.06791 18.9981 10.3574 -9.07464 0.51472 7.43324 -13.6602 -5.44284 12.2353 4.1247 -8.02506 -12.7547 10.4273 0.200763 9.20955 10.3804 2.74213 3.1303 -2.7278 -1.74594 -0.96004 -1.73837 8.74705 -14.5054 5.51392 2.98996 6.03552 12.6637 1.2193 5.39244 -1.16178 -6.27591 9.97506 -1.791 3.26929 6.83981 4.85281 -3.35601 -0.52884 -4.66396 11.8063 -18.8056 4.83683 6.55538 -2.97666 8.84989 -0.693549 8.52053 6.03024
layer: 0 neuron: 7 5.00927 2.4384 -1.21112 -0.778489 25.3319 -7.19009 -5.19051 -0.813703 -5.02201 8.03067 -2.80435 -6.68116 3.51629 5.70783 -3.40564 -0.205951 20.6597 -3.0929 1.6025 2.00985 -1.82261 -6.95254 -2.64078 26.2312 -3.26843 23.993 6.4037 -4.35412 5.09517 -1.50042 3.12597 5.42199 1.8659 23.6255 -4.26729 1.21164 8.96132 4.06287 5.32966 -2.10583 7.20227 -6.10977 0.434082 -1.23232 -1.45008 0.714786 -5.04679 2.12556 -7.06305 7.43563 3.57712 -7.42885 -11.996 1.86605 1.24102 -5.04688 2.31518 3.58051 26.233 -10.3069
layer: 0 neuron: 8 2.30658 11.9092 20.6316 -4.29796 0.281844 2.74333 -0.415003 2.49295 18.4218 -1.2171 3.63232 -1.88672 9.03149 1.6017 2.65228 -0.489386 4.192 -14.4617 -0.510316 6.12366 -9.12949 -1.57177 11.7405 4.32506 3.67308 0.0247663 6.24016 -0.935146 3.92749 6.54387 -6.10655 -2.63709 -1.65716 0.700699 -5.15026 1.11747 -2.30361 1.20023 3.01805 4.4797 -1.39226 0.0977038 -4.24938 -0.30156 -5.24216 -0.126382 3.42428 5.86133 1.86333 3.17761 7.26996 -14.7423 3.34904 -4.05482 -1.16679 -12.1711 -0.167163 1.06881 6.05195 -9.34422
layer: 0 neuron: 9 -8.43638 -6.23801 -16.3464 -2.75681 5.26033 7.13034 4.89283 4.99941 1.7544 -10.6569 -4.83391 0.42981 -3.27503 -1.96844 6.10895 -1.13741 4.06452 -9.9947 -1.17813 3.74065 -1.31541 -2.93816 -0.622474 8.78777 -1.6733 4.70188 -2.33074 5.04376 -0.61525 1.24925 -9.1766 -0.0155041 3.28711 4.18477 1.97853 1.28076 -4.95008 4.87677 -0.406263 1.20413 0.30294 2.32139 -6.21154 0.871924 1.0355 -4.63043 -1.09346 -4.1431 4.15928 -4.32214 -2.33652 -6.61309 2.75619 -1.39227 -3.4097 1.24651 6.2154 -2.35628 5.05767 -5.4333
layer: 0 neuron: 10 -4.84857 18.4442 -6.22311 -5.35068 -1.46145 6.26361 3.02409 7.69713 2.30927 -8.1999 6.25621 -1.02958 -5.35025 -2.6891 0.764294 -3.19045 1.18365 -12.8361 -2.57019 8.34283 -2.22921 -0.535684 1.9647 3.61998 3.39165 -1.25707 3.16916 0.043814 -1.32269 2.11516 -15.6038 -2.1068 8.41115 -1.12218 -5.89439 -0.606601 -7.6356 -1.87365 2.74763 -2.15543 -3.94573 2.08794 -5.0627 6.15301 -0.777868 0.115074 -4.57935 -7.43939 4.13816 -5.67577 2.15607 -11.4787 2.38754 -2.809 -0.957394 1.91744 5.75121 -0.0623577 2.98193 -0.213185
layer: 0 neuron: 11 0.243723 7.6196 -2.65085 9.20587 25.0195 -1.5993 -7.02667 -6.18224 -6.44679 0.682442 14.0968 -0.0453487 -11.4837 1.04194 4.50187 -5.53709 20.8911 4.36848 -2.30931 2.8939 7.66004 -2.03521 4.15899 25.0254 -2.68479 23.9624 3.74969 -8.14818 -2.7636 -2.48591 0.760239 6.20856 -0.738406 23.109 3.31339 -1.27569 10.0352 -12.0452 5.56229 -2.92964 -0.686534 -4.87938 1.86263 1.97985 -6.3124 1.07028 -6.67864 -9.73476 -3.6094 0.523218 6.10247 8.91298 11.7461 -0.5916 3.30872 7.78447 -0.962249 5.19637 26.5302 6.71485
layer: 0 neuron: 12 -1.82398 2.10688 11.2329 1.24577 9.74029 -7.28825 0.500892 -1.51718 -1.85521 1.10461 4.06802 1.54994 2.11436 -9.01323 3.39656 2.77122 6.79881 -4.13913 1.53828 5.1397 0.888588 -1.69041 3.80162 7.87248 -4.76403 9.00436 2.55638 -9.94186 -5.25097 7.76576 5.46237 -1.35428 -2.34602 8.07532 2.55843 -4.46398 2.46864 -5.83682 0.489211 1.75517 -0.747972 -1.75425 -2.06727 -3.62155 -5.43248 -0.407778 -5.33292 -4.04076 3.20713 1.80204 1.53679 12.2968 12.1036 -6.52143 -8.93145 1.89504 -1.34438 -0.39533 11.6537 4.11022
layer: 0 neuron: 13 -6.38011 9.18451 27.2208 -7.87269 4.17276 -10.3242 15.7899 17.377 13.3985 0.0504048 -6.33013 2.42084 22.0345 -15.0464 -6.27839 8.78844 4.63607 -13.2598 0.148767 5.59425 -2.26591 2.38257 6.75471 3.06171 -1.96716 3.80689 -2.7135 -8.40058 -0.0589767 15.626 4.67916 -1.85178 2.5525 3.36162 -12.6241 -5.97798 -11.8859 5.21218 -2.09192 1.74341 3.13499 10.3971 -0.951509 -2.59277 -2.67438 2.31725 2.93243 0.941319 5.45688 0.149006 -5.17247 -0.017994 3.80911 -9.81755 -13.0792 -5.03054 -1.93312 -3.89616 4.04719 2.90689
layer: 0 neuron: 14 -2.17747 4.87527 10.879 -2.21812 -2.28394 -5.59111 3.98774 10.034 13.2187 -3.05528 -2.18093 0.990304 11.4258 -5.89739 -4.14425 2.40825 -0.711055 -3.47842 0.288129 6.3645 6.16859 3.16054 -2.10294 -2.18855 -1.85728 -2.64655 -3.21027 3.49435 -1.50784 -0.499744 2.95014 -0.327688 -4.37448 -2.80802 -6.67797 1.40813 -10.0557 2.35219 -1.46013 2.87723 0.465037 -0.29558 -0.878467 4.32703 0.780901 -4.41749 11.1512 4.32788 -1.78625 2.43578 -7.38313 13.9993 -1.09376 -3.93414 0.355166 -2.24534 -3.51723 0.435255 -1.58313 4.76642
layer: 0 neuron: 15 -0.318045 13.24 10.3824 1.56295 8.02582 -2.74749 0.68075 -1.17675 7.59734 -3.48259 7.91676 3.55737 2.58765 4.23904 -4.97465 -2.41405 9.87494 7.07431 2.48094 0.607859 2.9066 -1.23757 -2.17262 9.65271 1.82238 7.64208 -0.589583 11.3058 0.717684 -5.55557 0.115607 3.31466 -5.6129 7.24978 -7.0802 8.7474 -3.05259 -2.85304 -2.1244 4.92085 -1.91855 -3.96727 -5.53079 5.34311 1.23284 -3.06309 7.53122 -2.85654 -8.078 0.0627643 2.758 0.294592 4.55994 2.36493 9.3276 -3.93654 -7.34949 7.89087 10.1462 2.41929
layer: 0 neuron: 16 3.1352 9.93097 18.8297 0.426363 3.93618 -5.37771 2.63754 -2.76078 -0.0189262 5.92288 3.40338 4.04604 2.75408 3.43947 -11.0766 3.19056 6.94336 7.5281 -0.262133 -10.0957 -5.94878 -0.370153 0.339942 7.00371 -0.431433 3.77002 -2.45169 4.35945 1.37658 3.83953 5.50565 -0.496203 -2.71482 4.10991 -1.67196 -0.21102 1.77476 2.80348 -1.36917 1.54582 5.94895 2.47199 2.92896 -1.04177 0.734748 2.37571 3.45068 3.99511 -2.48402 2.5788 4.64639 -20.2976 4.35128 1.8885 6.04957 -3.03651 -2.30072 7.32791 6.33327 2.56439
layer: 0 neuron: 17 -6.31283 -10.1716 3.27087 5.70598 10.788 -3.87711 4.19052 -1.9294 -3.6584 1.36438 -3.26405 3.01225 3.96049 5.4811 -0.365013 0.377813 7.28867 -1.5687 2.32472 -6.18275 -2.5902 1.70036 1.72102 12.2646 -5.28226 9.26976 0.329952 2.00522 -1.84364 -0.279756 9.83551 -3.17804 -3.29922 8.93788 5.71473 -0.155815 5.41128 2.12996 2.05736 1.32013 4.16763 3.31398 1.33338 -2.47412 0.538153 -1.56808 3.29796 1.00674 1.01666 4.18678 -0.403636 -9.1828 4.13365 4.54476 1.59931 -2.85005 0.484438 3.83005 9.73112 -5.3258
layer: 0 neuron: 18 -3.79542 -8.66888 -3.8501 0.243043 -3.15261 1.21929 1.7272 0.547305 5.64104 -3.65849 1.55001 -0.193053 3.42278 1.65314 5.57512 -1.66164 -2.53786 -2.15253 0.480598 5.20963 3.98299 0.942818 4.31408 -3.7252 4.76234 -2.78679 0.408495 2.43528 -2.01888 -1.1925 -2.38097 3.86705 3.24867 -2.22456 5.98247 -0.430377 -2.79855 7.03588 -1.91427 3.81835 -2.52289 1.09542 -7.21653 0.0244883 1.00847 -3.12471 -0.460857 -3.26695 6.68124 0.0949751 0.923419 1.41177 8.06133 -0.00999323 -1.49941 1.49827 -0.0990606 3.09291 -4.20495 3.69038
layer: 0 neuron: 19 4.90886 0.138351 3.96572 1.76873 -20.2809 1.27004 -6.40511 -5.70181 -5.90468 6.1955 2.91118 -1.53335 -4.57606 -0.366703 3.34999 -0.575752 -16.0173 5.43597 -2.69061 2.45906 0.736996 3.13286 -4.89929 -19.9085 9.03516 -19.0661 2.9258 -3.92147 0.047944 -4.3853 -6.84807 -2.40944 2.12586 -18.1138 6.58697 -8.24414 -1.09849 -4.22653 -4.36079 2.94958 -4.27215 -6.15001 -0.0779978 0.155393 2.16591 4.76468 1.55934 -0.771791 8.52581 -2.78143 1.7727 0.328896 0.797397 0.104552 -1.23308 7.42698 -1.16863 -5.50741 -19.6194 5.2737
layer: 0 neuron: 20 2.96265 -11.481 0.373552 3.83725 29.1112 -5.28242 -4.53886 9.93133 -5.06203 5.61257 -13.8409 -4.20104 4.08292 -1.46427 2.29612 -6.2744 21.6986 -6.14647 -5.23086 4.29282 0.703606 11.9371 -8.56854 28.4183 9.80785 27.3507 8.37471 18.7145 10.2292 -4.98634 -1.66688 5.95815 7.95501 25.33 -4.67294 13.0705 -7.87801 -2.16594 1.0358 -6.43035 -5.83734 -1.67824 15.532 4.5487 -2.97571 10.0181 2.40966 7.33756 -2.48528 2.16492 3.81828 8.738 -11.4318 2.69145 -4.62337 4.85197 -5.24985 -2.2961 25.3607 -8.64705
layer: 0 neuron: 21 0.593278 5.79159 2.46107 1.08476 40.9664 2.27395 -0.969352 3.49915 -3.28068 1.65435 0.811031 -4.25775 -0.946187 -0.673716 -0.740062 -1.79273 32.4567 0.778557 -1.9946 -0.329726 -2.22199 4.27284 -0.102151 39.3124 2.54857 38.2328 -0.465953 2.42881 -0.781125 0.754476 -0.924644 4.11639 1.71582 35.064 -2.67185 -3.27933 -4.08348 -3.37661 -1.75586 -2.68353 -1.65438 0.612392 4.70763 1.87383 -4.9233 1.42204 1.49708 2.28981 0.00857454 0.023836 1.716 -2.73181 -0.514165 3.38549 -2.40305 0.55355 -0.208711 -3.0444 36.0932 -0.639223
layer: 0 neuron: 22 -1.85111 -1.60554 2.11668 1.48424 41.9458 -1.40628 -1.23527 1.52271 -0.578885 0.583467 3.11471 -3.43466 1.14911 1.19797 -0.088164 -1.69484 32.2799 1.23086 -2.74652 -2.51534 -2.38115 1.16595 0.353224 39.4937 2.96572 38.8973 -1.70521 5.85665 -1.29968 -0.155432 -1.2913 2.44349 1.28842 35.2998 -1.63333 -2.38917 -4.47032 -0.259364 -0.502948 -1.43788 -0.0764268 1.11116 0.554876 2.35359 -5.6863 -1.29718 3.54113 0.78527 1.97256 -1.82077 1.99059 -0.827593 1.4022 3.08011 2.19372 0.352875 1.06521 -3.44733 35.4578 3.19437
layer: 0 neuron: 23 -0.0614518 -0.48962 -2.64978 0.968838 45.2662 -2.28155 -1.07945 0.962116 -1.831 1.70188 1.45291 -3.75718 -1.13146 3.26539 2.20211 -2.32321 34.3021 1.37591 -1.66682 -1.59151 -0.55058 -1.14588 -1.12751 42.5428 -0.548967 42.0917 -0.146754 2.85365 -1.03168 1.90748 -1.91085 3.07498 -1.00092 38.4653 -0.634032 -0.186404 1.143 0.418473 1.89471 0.15616 1.62663 0.49047 0.20425 0.677037 -3.52803 -2.07443 -0.255373 0.787766 -0.625319 -0.993677 1.65868 -0.818369 0.988162 3.829 0.808532 2.14655 2.77651 -0.980265 38.2946 2.24607
layer: 0 neuron: 24 -2.48515 -0.210683 -1.18692 0.0298089 45.131 0.727746 -2.65882 -0.385844 -0.32586 -0.752451 2.04507 -3.40898 -0.943414 0.818934 0.101722 -2.96096 34.2494 1.5332 -1.7199 -2.35724 -2.12886 -0.00694818 0.0391665 42.6765 -0.558709 41.8426 -1.79265 0.1454 -2.63138 0.629196 -1.40349 3.17946 -1.43327 38.0304 -1.62058 -2.53413 -0.686879 0.192262 -1.46813 0.319098 -0.855079 -0.161307 -1.6838 0.2017 -4.51935 -2.86977 0.00284544 -0.941515 1.04944 -1.44384 1.05707 -3.01726 1.43418 1.44289 -0.0216065 -0.372298 0.219495 -1.51355 38.6084 1.33248
layer: 0 neuron: 25 -1.27575 0.126869 0.311599 0.191322 44.0125 1.77277 -1.98922 0.0473109 0.181754 -0.524994 0.631709 -2.42633 -0.602497 -0.758182 0.61189 -1.64877 33.3311 1.48692 -0.804504 -1.24001 -2.13342 2.10325 -0.192591 41.5064 0.745091 40.7347 -2.31528 1.2224 -2.10111 0.0430497 -1.67271 2.69557 -0.074423 36.9861 0.229304 -2.67894 -2.25474 0.487737 -2.85385 0.457867 -1.19352 -1.10358 -0.191109 0.0450879 -3.48337 -1.7453 0.667969 0.705632 1.83839 -0.610318 0.41794 -3.75074 0.995532 1.00382 -1.42175 -0.178077 -0.831161 -1.8313 37.4527 0.569867
layer: 0 neuron: 26 0.0337181 1.14793 0.493647 1.28166 45.9619 2.98389 -0.767189 0.533794 0.448966 0.957469 1.13346 -0.749188 0.509188 1.83207 1.28815 0.0585298 34.8485 1.50453 0.648113 0.00821183 -0.426316 2.18501 0.722304 43.3267 1.91286 42.6317 0.111399 2.80036 0.237628 -0.0169561 0.252434 3.90602 1.37061 38.951 1.46306 -0.147089 -0.204552 1.54504 -0.458823 0.424757 0.568763 0.519592 1.4462 1.16433 -1.915 0.212596 1.51496 1.36848 2.12005 0.35277 1.38603 -1.16126 0.399762 1.8087 0.831596 0.918171 0.772213 -0.589251 39.3148 0.138656
layer: 0 neuron: 27 4.97243 1.82163 1.41017 3.65665 38.5606 -3.95263 -4.04691 -4.86388 -7.5123 5.85942 -1.91698 -2.54479 -6.21811 2.91826 1.42544 -2.37949 27.6632 7.57952 -2.2819 -5.53529 -1.83351 -1.18462 -1.38089 35.5966 -4.19761 35.6991 2.90534 -9.22186 2.439 -1.44971 3.89854 0.901576 -3.71032 32.5284 -2.51561 -2.64577 9.3658 -4.3074 2.22898 -1.16353 0.880761 -3.46088 4.62869 -4.5005 -0.624342 4.495 -5.30196 -1.17784 -6.23171 1.9749 2.15032 -2.35479 -3.01127 5.34001 0.861403 1.86719 -1.27647 0.00695107 32.2262 -1.99872
layer: 0 neuron: 28 1.52459 3.80915 0.979336 2.29557 41.088 -1.14051 -0.419011 2.15023 -1.90985 1.31521 2.63958 -1.22327 0.988871 -1.21245 -0.840535 -0.0864086 32.3192 0.986381 -0.0609204 1.66874 1.22353 0.431223 -2.014 40.0655 -0.0351506 38.2834 -1.11982 1.35898 -1.06074 1.75972 -0.6037 4.49766 1.28723 35.5035 0.796922 -3.62513 -1.17644 0.873503 0.994757 -0.680693 2.89792 -2.18114 3.99894 2.17452 -2.77515 -1.63475 2.15104 2.43419 1.78583 1.81759 2.02889 -4.51106 -0.515699 1.62928 -0.998426 1.05678 1.88209 -0.46784 36.0485 0.325204
layer: 0 neuron: 29 -2.21564 8.63543 12.5123 1.89349 39.0322 3.37531 1.81586 2.56903 -0.248552 3.7634 3.67416 0.0078394 0.370525 -0.723377 -2.00125 -1.85015 31.1619 7.61 -0.408989 -0.867962 1.75263 2.58575 -1.90385 38.357 2.88146 36.2873 -3.19212 -3.32898 -1.17051 -0.502467 0.654134 5.8345 1.00053 33.7039 -5.17053 -7.31334 -3.67415 0.904564 -2.12194 0.689731 -1.46202 -3.35969 -1.04566 1.99298 -2.33094 -1.92583 4.74784 -5.07056 3.14901 -2.27117 1.87056 -6.73347 3.78994 0.580405 2.87746 -1.58514 -3.50947 -1.32762 33.9335 2.75696
layer: 0 neuron: 30 -0.665099 7.59976 15.1911 -3.23101 31.9724 2.6602 1.03468 3.13055 4.80894 1.54679 2.63143 -0.685545 3.45568 -4.24218 -0.615346 -0.660551 24.7156 3.61261 -1.3147 -1.57452 -3.44791 0.870834 -2.37334 30.8155 4.45936 29.2861 -0.859725 -2.90291 0.530889 0.982195 -3.46856 0.407618 1.78299 26.3603 -8.98352 -4.64196 -7.33471 -1.25419 -1.86709 2.0067 -3.29664 -4.70641 -3.07055 1.24108 -3.21963 0.652854 3.47841 -2.77662 4.8609 -4.23294 1.40655 -5.4717 1.36858 -0.973086 0.201208 -3.37287 -4.33106 -6.83779 26.8794 1.25563
layer: 0 neuron: 31 -2.34757 8.54681 10.4185 -4.12983 36.6732 4.98152 -0.998983 1.97902 3.97544 1.30968 0.58913 -0.771365 2.27251 -0.36419 -2.69897 -0.74338 28.8338 0.26911 1.14444 0.12544 -3.6809 1.92741 -2.79116 35.5823 4.23296 33.9479 -0.30248 1.63465 0.711029 -0.150119 -6.23089 2.59338 1.15309 30.9352 -6.99074 -0.566887 -6.35036 -2.06893 -2.55489 2.2037 -3.45168 -3.98379 -4.28799 0.703042 -3.3708 -0.314708 3.00411 -2.85949 4.70515 -5.05321 0.308439 -6.05959 -2.75809 -2.46519 1.82108 -4.27804 -4.17689 -5.87242 32.1115 -0.965226
layer: 0 neuron: 32 0.456094 4.47149 -5.02412 3.57155 38.9339 4.41883 -3.82566 0.343098 -3.16312 1.86252 -0.965697 -1.5204 -3.87049 1.42088 2.16594 -0.270395 29.7746 1.25917 1.79805 -0.706206 1.86625 3.90274 -2.62168 37.5267 -0.568389 36.0789 0.677618 2.49685 -0.33212 -1.39157 -1.09292 3.91935 -0.0305245 33.1441 5.28353 -0.304438 1.96207 -0.611125 -0.473742 -0.921929 0.808273 -2.69899 4.89993 -0.424852 0.656794 0.346838 -0.16366 0.135291 0.648717 0.549573 0.138736 -1.27068 -3.23389 0.210086 1.00732 3.65443 0.408521 0.349239 34.1621 -1.3054
layer: 0 neuron: 33 0.684466 4.49124 8.58853 5.49717 36.3831 1.29998 -0.187862 1.8567 3.09209 0.967832 -1.49724 0.215497 3.28774 0.767904 1.61381 1.32255 27.127 1.34342 -1.15773 -1.1617 0.0559861 3.6787 4.20175 34.1311 -1.50959 33.5628 2.4365 -4.80999 3.04098 -0.909415 6.52065 1.64425 -1.83011 30.5501 -1.51273 -2.0566 3.16454 -1.24929 -0.0197093 -2.3513 0.0343015 0.581597 4.04305 -1.42561 0.0452194 4.23654 0.217477 0.743988 -1.36791 1.84216 1.15548 0.452176 -0.393184 2.28336 0.551495 -0.368261 -1.90846 -1.77143 31.5978 -1.91751
layer: 0 neuron: 34 3.34463 16.4203 5.76978 5.03882 14.8763 -8.63314 1.97892 -13.3752 5.1562 -1.29207 12.0064 4.81954 -1.41239 3.90048 -3.9108 12.6967 9.21079 9.03694 -1.17374 -12.8516 -3.62897 -6.2707 18.0752 8.32565 -10.0323 12.9683 5.91443 -31.2075 1.20801 6.06419 11.259 -7.87051 -6.1874 10.455 3.78856 -13.1674 15.5197 -2.39162 1.75853 2.60194 7.25394 11.5948 0.168797 -14.468 7.05685 16.0164 -12.4397 -6.96718 -1.70148 -1.80632 -3.85638 -7.9546 1.41048 2.19615 2.75974 4.03672 8.41415 -0.761547 8.01297 14.879
layer: 0 neuron: 35 -13.1112 -25.292 0.162114 4.15302 5.60231 -8.41608 -0.656332 -1.24035 -1.54628 2.51399 5.44148 -0.700612 12.407 -1.81575 -2.76316 4.42806 0.426198 2.28608 4.9711 -0.0860532 7.52125 -0.302413 -2.59087 2.36818 0.783969 4.3123 0.0738561 8.33019 3.67602 -2.75309 6.18077 -2.09784 3.09804 2.94186 3.16632 -2.13569 -6.19838 10.1556 -0.18208 3.99344 -0.318844 -10.8665 -14.973 5.69083 5.93599 -14.8462 14.6169 -16.8744 13.8144 5.27004 -1.38964 2.30932 -0.272082 1.80386 9.02571 -4.20013 2.99302 0.0144447 0.370644 6.11067
layer: 0 neuron: 36 2.73289 11.893 -1.13782 -2.16641 23.7949 -1.38687 -0.803707 -2.88341 7.0539 1.29989 -4.32191 4.38522 -1.49928 2.70809 13.0381 -2.35765 17.4343 -3.75916 2.02274 -0.706228 -8.47729 -1.51713 -10.3101 20.8362 -4.71563 22.1541 2.2196 8.42775 2.68639 4.79982 -4.39548 1.84516 -6.83093 19.3745 -1.85587 12.1183 7.35109 -5.032 3.11903 3.23279 -3.27286 -10.1414 0.408987 -1.57747 -1.17837 -0.295139 4.30198 -0.873428 -2.24116 1.22463 -1.42123 12.9156 -0.181865 -1.42241 0.14416 0.998475 -1.76079 -0.983589 20.2497 -5.68185
layer: 0 neuron: 37 7.47327 10.6502 -0.661408 -3.74505 35.0101 -2.72402 -1.83351 -6.15641 7.83884 0.284928 -5.80692 6.75068 -5.0852 -0.694439 10.4456 -3.34374 27.2037 -3.48215 0.414813 0.467814 -6.91632 -3.69648 -8.41635 31.2672 -1.27742 33.1085 -0.537175 4.52194 1.03118 -2.61579 -2.89813 7.32949 -5.99737 30.3252 -2.69047 10.1429 3.69512 -8.26706 1.47573 3.19114 -3.78138 -9.98979 3.92397 -3.73049 -5.73949 2.18416 -2.43751 4.19468 -8.83845 -1.00551 -0.594338 11.508 0.623384 -4.52485 -3.35868 -0.470533 -3.56284 -1.73928 29.4092 -5.59153
layer: 0 neuron: 38 14.3487 -4.67825 -11.8575 -8.81085 23.6305 5.30818 3.26366 9.44895 8.45589 1.93703 -6.47764 7.75497 -7.66339 -6.1623 5.8895 -3.53376 17.1096 -0.0141132 0.314021 9.5118 3.22985 -1.52202 -12.0384 18.4666 4.39342 22.4805 -1.17287 16.1367 -0.178205 2.6287 -15.0645 1.84752 5.28392 20.9152 2.7697 15.0666 -9.78259 1.07805 0.405523 1.33721 2.88298 -2.83564 4.0128 5.58134 -3.08318 -0.894482 -8.49683 16.1525 -7.42417 -0.476534 6.38612 -1.82409 8.21589 -13.5542 -11.684 3.05044 -5.68466 9.898 14.706 -7.57058
layer: 0 neuron: 39 8.5038 -5.0786 -9.53647 -0.732393 8.62518 -3.38184 6.61588 0.752073 6.16402 -9.55578 6.14984 5.20415 0.227663 -1.80752 -0.109861 3.67454 4.98117 -1.0336 -3.16304 -5.18767 0.768545 -3.14395 7.99067 4.43684 1.95904 7.6243 3.0367 5.49904 4.31558 -0.734345 -1.36952 -7.04958 0.297152 6.0643 0.56717 6.08992 -9.69583 -0.698139 1.96708 -4.20378 6.09069 6.50554 3.56854 1.71784 4.01677 3.8158 -2.31008 4.23724 -4.22503 -0.000263522 -1.00171 3.93539 -0.233017 6.07216 -0.326026 3.70964 6.1106 0.810901 0.8914 3.77018
layer: 0 neuron: 40 4.84198 1.22349 2.81413 9.36313 20.4599 -5.19484 1.13311 -3.83522 -3.41081 3.88837 8.56576 -0.424207 -1.18563 0.533125 -2.74052 2.34217 14.4598 6.80802 -6.19381 -10.4367 0.439148 -0.0312557 10.7541 15.7552 -0.274956 19.0601 4.00778 -9.49755 6.43665 -0.511951 11.6077 -1.97416 3.20916 17.155 -2.95439 -9.63451 4.83909 -0.115172 3.33499 -4.02669 8.86675 8.86935 8.62828 -3.48404 3.25421 10.4386 -4.50212 -2.0331 -3.43902 5.00988 2.40181 1.25714 -1.27708 11.8135 7.41852 6.87051 6.13116 -1.81583 13.413 9.0071
layer: 0 neuron: 41 -1.18659 -10.338 3.8214 22.0483 -33.3403 -3.08657 -2.44114 5.04621 -8.7448 5.30675 -10.9897 5.47415 3.44922 -4.73955 2.50662 -3.48776 -26.1354 4.961 -10.051 -9.01243 2.86208 9.24142 5.43784 -31.2784 -6.0787 -31.1988 5.60914 -10.6702 6.71883 -4.09831 23.5319 2.0785 -4.07983 -27.9723 -5.36033 -10.8757 7.64938 0.628467 2.34136 -14.1179 2.79259 2.2616 22.8976 -4.61497 6.22233 12.0839 -4.51142 -3.29856 -6.46084 5.31039 6.68345 12.1693 -2.76253 3.53133 1.44884 8.19792 -4.00295 0.339927 -29.3043 -4.4387
layer: 0 neuron: 42 -3.91824 4.6514 12.3729 -0.419545 -13.4625 4.11596 1.24616 0.407242 -7.70864 5.06029 6.72575 -1.08069 -1.14931 -4.70841 -2.91806 0.216088 -5.12034 5.9241 2.50567 -6.34836 -4.18266 5.88013 -0.255047 -11.9201 -0.968809 -12.2933 -1.74551 3.69663 3.3902 1.63124 0.585425 2.91275 -0.532535 -10.6927 -7.15824 -2.13547 -4.26724 -17.2535 -2.30292 -2.18449 -0.611207 -7.49121 -0.64085 3.74384 -2.25848 -0.183115 14.3594 -7.69078 -2.13865 5.01261 -2.96285 0.00261199 0.904538 10.3055 9.98492 -6.44446 -3.22141 -8.20334 -9.16283 -1.2113
layer: 0 neuron: 43 1.83248 6.2686 -3.41195 -9.57102 -9.50261 -6.86889 -0.962683 -0.0654849 -6.42476 8.01312 6.33287 -4.73257 -3.09603 -0.321873 3.63765 -2.85637 -2.4327 -0.276729 -3.16166 -11.3059 -11.1531 -6.50723 -11.494 -7.66267 12.8402 -8.36692 0.465895 20.6029 4.84045 3.20528 -17.7783 -2.42363 4.58612 -7.97752 -0.422 4.53831 -17.0423 -15.6117 -1.28462 2.28312 -1.65144 -0.575883 5.39118 0.156565 -6.04314 -0.355084 12.007 0.206143 -0.32854 -5.49049 -0.0753434 -5.44259 -1.19515 4.03796 7.17197 3.34136 6.23931 -12.3252 -9.05311 3.45396
layer: 0 neuron: 44 7.87897 3.55412 -6.08492 -6.86635 1.46553 -10.039 -3.09405 -1.66192 -6.68392 7.39019 3.94624 -8.55645 -4.74035 4.33055 4.2069 -3.09932 6.75439 0.157023 -2.18705 -3.87408 -4.89972 -9.73347 -8.42832 2.54494 8.66986 2.29634 -3.27943 14.5146 0.0111443 -1.80859 -15.169 5.74644 3.95507 3.22211 4.71383 3.28208 -4.77352 0.576479 1.98789 -0.154799 0.945159 -1.93741 4.37771 0.762309 -7.7358 0.728193 0.0935088 9.51273 -2.31203 -2.81756 1.04998 -0.983969 -0.573862 2.71722 1.58494 3.02211 6.02272 -3.42211 1.0063 3.96477
layer: 0 neuron: 45 0.482374 3.74394 0.711586 0.195598 -13.3279 -1.53785 3.01222 -0.05123 -9.52803 -1.1075 3.00096 -4.48104 -1.03749 4.58803 -4.30248 -6.25317 -7.81601 6.87718 5.88456 -1.84438 0.151306 -1.67529 -3.46142 -11.9112 0.939237 -12.1338 -3.88568 7.52045 -9.77255 5.13594 -1.96495 0.877411 -2.25478 -10.8891 -4.66511 1.25757 3.92008 8.10899 -3.43415 2.42246 -2.90182 2.55346 -5.05242 2.08007 -1.9086 -9.15615 -3.23249 1.35963 4.06699 -3.07542 5.86116 -9.5538 8.1729 0.392821 -2.89631 -1.69549 -4.78598 14.1681 -10.6226 0.744493
layer: 0 neuron: 46 -3.78134 2.28086 -1.98987 3.17119 -4.00948 3.8282 2.30164 7.05848 -7.41698 -2.46925 -3.2694 -0.402766 3.29111 2.86004 -9.59052 -3.61606 -0.648529 14.7968 5.87553 -4.18787 1.84898 6.27236 -4.73659 -3.06096 -11.6261 -3.35833 -4.46667 -3.61657 -8.47462 5.10921 8.69978 5.02486 -3.70035 -2.53043 -8.50839 -3.10877 6.36513 11.3227 -9.92331 -0.177982 3.18001 2.38112 -2.48096 0.95234 -0.564934 -5.30325 -3.70745 -2.00132 2.91629 -0.944862 4.85529 -17.6184 0.667993 -4.9643 -7.02472 -6.28627 -11.2065 14.5817 -1.06762 -6.56095
layer: 0 neuron: 47 -4.09414 -5.58191 13.8294 1.26402 -33.3399 -3.49943 -3.97589 2.25879 9.03841 4.27743 -3.36485 3.65923 8.57252 -1.12326 -4.37192 2.02505 -24.7897 0.954693 -2.09071 -7.297 -3.33954 5.76676 0.956315 -32.2283 -3.64215 -31.5728 -1.47463 -8.03296 3.1855 0.894835 4.91466 -6.96364 -3.09727 -29.7238 -6.37473 -6.12386 3.84626 8.36868 -4.06175 0.186239 1.37162 -0.0922828 0.0029619 -1.29112 0.00194073 8.90412 5.46427 1.92398 4.90967 -2.05186 -1.09988 -5.31882 -9.41922 -4.91471 1.89873 -7.73247 -6.56842 -5.55527 -31.6523 2.50699
layer: 0 neuron: 48 1.50599 0.043447 1.16862 0.580752 -46.1276 -1.3146 2.36571 1.65357 0.596679 1.2645 -0.157628 2.57729 1.45263 0.0120633 0.202638 1.7813 -34.6053 0.84322 1.46934 1.71144 2.50799 0.189 0.144099 -43.3693 -0.00364901 -42.6512 1.41942 -0.46896 1.57193 1.56681 1.83527 -1.98529 0.5896 -38.8473 0.348296 2.26052 1.89653 0.679465 1.83998 1.06026 0.874341 0.962162 0.737526 0.809394 3.84041 1.77292 0.513361 0.568253 0.0631921 1.17514 0.313457 3.33142 0.675389 -0.391249 0.72196 0.969438 0.395808 2.32254 -39.2513 1.53093
layer: 0 neuron: 49 0.558021 -0.904519 0.220659 -0.367214 -47.0756 -2.26257 1.41774 0.705604 -0.351287 0.316538 -1.10559 1.62932 0.504663 -0.935903 -0.745328 0.833334 -35.5533 -0.104746 0.521376 0.763473 1.56002 -0.758966 -0.803867 -44.3173 -0.951615 -43.5991 0.471451 -1.41693 0.623967 0.618846 0.887306 -2.93325 -0.358366 -39.7952 -0.59967 1.31255 0.948559 -0.268501 0.892009 0.112293 -0.073625 0.0141959 -0.21044 -0.138572 2.89244 0.824957 -0.434605 -0.379713 -0.884774 0.227171 -0.634509 2.38346 -0.272577 -1.33921 -0.226006 0.0214722 -0.552158 1.37457 -40.1992 0.582967
layer: 0 neuron: 50 0.774367 -0.688173 0.437005 -0.150868 -46.8592 -2.04622 1.63409 0.921949 -0.134941 0.532884 -0.889248 1.84567 0.721008 -0.719557 -0.528982 1.04968 -35.3369 0.1116 0.737722 0.979818 1.77637 -0.54262 -0.587521 -44.1009 -0.735269 -43.3828 0.687797 -1.20058 0.840312 0.835191 1.10365 -2.71691 -0.142021 -39.5789 -0.383324 1.5289 1.1649 -0.0521549 1.10835 0.328638 0.142721 0.230542 0.00590533 0.0777738 3.10879 1.0413 -0.218259 -0.163368 -0.668428 0.443517 -0.418163 2.5998 -0.0562317 -1.12287 -0.00966001 0.237818 -0.335813 1.59092 -39.9829 0.799313
layer: 0 neuron: 51 0.772841 -0.689699 0.435479 -0.152394 -46.8608 -2.04775 1.63256 0.920423 -0.136467 0.531358 -0.890774 1.84414 0.719482 -0.721083 -0.530508 1.04815 -35.3385 0.110074 0.736196 0.978293 1.77484 -0.544146 -0.589047 -44.1024 -0.736795 -43.3843 0.686271 -1.20211 0.838786 0.833666 1.10213 -2.71843 -0.143547 -39.5804 -0.38485 1.52737 1.16338 -0.0536809 1.10683 0.327112 0.141195 0.229016 0.00437941 0.0762479 3.10726 1.03978 -0.219785 -0.164893 -0.669954 0.441991 -0.419689 2.59828 -0.0577576 -1.12439 -0.0111859 0.236292 -0.337338 1.58939 -39.9844 0.797787
layer: 0 neuron: 52 1.03954 -0.422998 0.70218 0.114307 -46.5941 -1.78105 1.89926 1.18712 0.130234 0.798059 -0.624073 2.11084 0.986184 -0.454382 -0.263807 1.31485 -35.0718 0.376775 1.0029 1.24499 2.04154 -0.277445 -0.322346 -43.8357 -0.470094 -43.1176 0.952972 -0.935405 1.10549 1.10037 1.36883 -2.45173 0.123155 -39.3137 -0.118149 1.79407 1.43008 0.21302 1.37353 0.593814 0.407896 0.495717 0.271081 0.342949 3.37396 1.30648 0.0469164 0.101808 -0.403253 0.708692 -0.152988 2.86498 0.208944 -0.857694 0.255515 0.502993 -0.0706372 1.8561 -39.7177 1.06449
layer: 0 neuron: 53 1.33936 -0.123184 1.00199 0.414121 -46.2942 -1.48123 2.19908 1.48694 0.430048 1.09787 -0.324259 2.41066 1.286 -0.154568 0.0360071 1.61467 -34.7719 0.676589 1.30271 1.54481 2.34136 0.0223691 -0.0225319 -43.5359 -0.17028 -42.8178 1.25279 -0.635591 1.4053 1.40018 1.66864 -2.15192 0.422969 -39.0139 0.181665 2.09389 1.72989 0.512834 1.67334 0.893628 0.70771 0.795531 0.570894 0.642763 3.67378 1.60629 0.34673 0.401622 -0.103439 1.00851 0.146826 3.16479 0.508758 -0.55788 0.555329 0.802807 0.229177 2.15591 -39.4179 1.3643
layer: 0 neuron: 54 0.98174 -0.4808 0.644378 0.0565052 -46.6519 -1.83885 1.84146 1.12932 0.0724318 0.740257 -0.681875 2.05304 0.928382 -0.512184 -0.321609 1.25705 -35.1296 0.318973 0.945095 1.18719 1.98374 -0.335247 -0.380148 -43.8935 -0.527896 -43.1754 0.89517 -0.993207 1.04769 1.04256 1.31102 -2.50953 0.0653526 -39.3715 -0.175951 1.73627 1.37228 0.155218 1.31573 0.536012 0.350094 0.437915 0.213279 0.285147 3.31616 1.24868 -0.0108857 0.0440057 -0.461055 0.65089 -0.21079 2.80718 0.151142 -0.915496 0.197713 0.445191 -0.128439 1.79829 -39.7755 1.00669
layer: 0 neuron: 55 -1.63572 -0.140218 1.44857 -2.68346 -23.2008 -4.0087 -0.363633 -1.08508 2.65699 -0.0778188 -7.81916 2.16759 -1.00656 3.16463 2.44394 -1.71277 -17.5414 -0.143343 1.93043 -0.820405 0.0594237 1.12075 -5.57482 -22.4495 -0.915082 -22.2861 -2.63102 0.0482088 0.927632 -0.434961 -4.41922 -0.451902 -0.59587 -21.0846 0.887375 4.89575 4.41684 4.20199 1.11492 0.24194 -1.27071 1.63656 -0.75963 -1.19554 4.92963 1.77248 -2.09308 1.10711 0.214147 -6.55322 -3.4367 3.15112 -3.68275 -1.11348 -0.517489 -0.815417 -0.724616 -0.941871 -22.3912 -0.470292
layer: 0 neuron: 56 1.19135 10.5335 18.2952 4.13241 -25.2202 -1.58772 5.24595 -4.64105 5.46792 -6.77172 -2.05774 2.76242 4.90682 -4.33302 3.50957 4.648 -17.5955 -5.59103 0.214536 4.28408 -7.23019 -0.284629 -1.2934 -22.7237 -2.41837 -23.4077 0.395449 -0.604706 -0.400013 1.19486 0.967997 -2.51544 1.53806 -21.3046 1.57438 -1.26125 0.698871 1.91872 -0.617762 -0.33972 0.0653611 -9.98162 -4.82859 -1.93594 0.730395 2.55443 0.365575 -3.82399 6.73998 2.07909 -0.0135521 -11.2812 0.862683 2.75024 -9.57931 -5.32458 -3.39802 1.95512 -18.2674 -5.99342
layer: 0 neuron: 57 3.93911 8.12779 1.51366 0.807728 -17.4902 13.4639 -4.17434 -8.35706 8.89473 -2.32107 11.6823 -7.69572 -7.49847 -2.12351 7.34387 -5.1765 -9.37718 6.12825 -1.96981 6.09724 -3.55511 9.77321 2.41766 -14.1997 9.34298 -15.5808 -1.97726 2.80526 -7.77406 -5.16046 -2.62929 5.42919 0.766728 -13.4007 5.22249 -5.79125 -9.14041 -2.18222 -9.70548 9.17049 -7.57733 -7.45661 -1.13642 -3.59644 -0.87843 -2.5317 3.84565 6.35599 3.48333 5.86073 -1.62897 0.993132 11.9995 12.6312 -3.16576 3.38878 -0.10044 -4.29711 -9.83141 9.10181
layer: 0 neuron: 58 3.57405 2.89293 -8.67029 -2.37877 -12.8168 7.27838 -5.33903 -2.39235 7.39748 0.469025 7.67895 -7.72603 -9.87164 3.60007 6.82683 -4.4085 -5.02704 2.46967 -5.9214 -1.72931 -1.2323 1.84054 7.65882 -9.20427 0.486374 -11.0369 3.49868 -4.02148 -0.703036 3.0808 -6.16271 6.84405 -4.42641 -8.683 2.49124 -1.22362 0.116402 -4.85934 -1.36108 7.37618 -0.683179 6.63912 -0.520359 -7.63267 -1.04691 0.885627 -6.00895 3.54507 -5.29101 -0.167173 -0.333047 2.58176 9.39301 9.06143 0.0108098 7.01999 6.66592 -5.31669 -5.63868 10.8879
layer: 0 neuron: 59 4.03132 2.95972 0.181336 4.33758 -17.648 -2.83907 -5.34149 2.58429 4.17734 1.18578 2.10136 -8.96071 -1.10555 5.89971 2.50536 -2.66401 -8.78264 -1.63852 -7.40132 -10.5572 -2.06352 -1.28858 10.107 -13.5148 0.589779 -15.8799 7.10795 0.701235 7.0723 -0.296647 0.849597 2.93761 0.248071 -13.3882 -6.17326 1.01656 -2.85873 -3.70362 5.33533 -6.86144 2.47346 7.69204 8.72591 -4.8968 -2.92582 1.94438 -3.82626 1.6239 -7.83471 -1.70671 6.45641 3.41824 -2.78416 7.69588 3.95015 3.35294 5.26132 -4.77527 -10.0719 0.113088
layer: 0 neuron: 60 2.29253 7.19202 11.7848 7.6268 -8.4193 -2.08382 -7.15814 0.606253 7.1855 3.60037 -3.38592 1.83209 5.69238 0.95277 0.884883 4.34169 -1.41737 -1.06102 -0.446206 -6.83266 -1.26364 1.60565 2.07156 -4.75654 0.411505 -7.22631 6.48418 -3.11421 8.9677 -2.22144 8.27005 7.1783 4.03049 -4.9049 -4.29214 2.38473 4.39163 -1.48591 6.01363 -9.35635 5.33288 -3.24926 7.9443 -0.857302 -2.1684 6.33455 -0.272721 -1.04411 -4.54429 0.621614 6.27613 -0.654833 -5.90031 1.77815 6.66749 -1.74842 -1.12664 -2.34567 -2.68525 -6.15234
layer: 0 neuron: 61 1.94148 -1.89504 6.75129 -1.30205 -11.479 -1.75959 0.206642 -6.07107 0.267061 2.78522 -0.49668 -0.378802 1.9783 1.7038 0.401557 -1.32935 -7.29244 1.18757 1.88662 1.76958 1.64041 -0.467664 -5.25711 -11.7172 -0.112527 -10.1909 -2.40157 -2.39511 -0.206704 -1.78626 -3.11229 -0.534044 -1.11639 -8.5554 -2.95531 5.60132 3.4259 0.0690205 3.95626 2.07996 -0.756684 -4.59324 -4.04413 0.324415 -1.21887 2.56172 -0.67898 1.05265 1.2978 -2.57017 -2.08203 1.24115 -4.78342 0.62342 1.33397 0.663819 -4.30215 -1.99913 -11.7254 1.0364
layer: 0 neuron: 62 1.14758 -0.314962 0.810216 0.222343 -46.486 -1.67301 2.0073 1.29516 0.238269 0.906095 -0.516038 2.21888 1.09422 -0.346346 -0.155771 1.42289 -34.9637 0.484811 1.11093 1.35303 2.14958 -0.169409 -0.21431 -43.7277 -0.362058 -43.0096 1.06101 -0.82737 1.21352 1.2084 1.47686 -2.34369 0.23119 -39.2057 -0.0101132 1.90211 1.53812 0.321056 1.48157 0.701849 0.515932 0.603752 0.379116 0.450985 3.482 1.41451 0.154952 0.209843 -0.295217 0.816728 -0.0449525 2.97301 0.316979 -0.749658 0.363551 0.611029 0.0373983 1.96413 -39.6097 1.17252
layer: 1 neuron: 0 1.18309 1.25558 1.80187 0.238182 -0.837288 3.89495 -0.772526 -0.076207 -0.983206 0.783949 0.0749181 -2.08958 -0.201419 -0.697557 -0.957514 -0.885643 0.324738 -2.14632 -0.20938 0.596122 -1.63772 0.213492 -3.50577 -0.870724 -0.0530446 -0.773524 0.212611 -1.76986 2.25937 0.582457 0.298736 1.16915 0.121602 1.43359 1.14408 -1.15743 0.0476089
layer: 1 neuron: 1 4.4959 0.575844 1.21145 -1.22709 -0.65242 -0.803389 -1.69751 -0.785067 4.56746 -0.122555 -0.809936 2.96744 -1.09152 2.6933 -0.0156726 -0.117527 0.291778 -1.16062 0.273031 -0.68614 -0.888393 -1.54362 -2.72582 -2.56196 -3.15401 -0.2455 3.72214 0.34437 1.06402 -1.11477 -2.59257 -1.71253 -0.487761 1.28793 -1.84811 -0.079576 0.714621
layer: 1 neuron: 2 -3.51084 0.732268 1.98175 -0.000874927 0.576786 -0.0424694 1.53283 -2.28816 3.91338 1.32041 0.38709 4.16799 -1.24577 -2.72568 0.619794 -0.223875 -1.16039 -0.871646 0.0874047 -0.905475 -1.72137 -0.760694 -0.868787 -0.559828 -0.507877 -0.154437 2.21082 1.49582 0.00189124 -1.84159 -0.618665 -4.9748 4.53837 -1.08201 -3.20954 3.55944 0.0136113
layer: 1 neuron: 3 -0.0647852 -1.33277 -1.11366 -0.268103 0.987535 -1.72036 -0.277091 0.660811 -0.352552 0.0311808 -0.0243226 0.564452 1.54817 -0.927995 -0.845657 1.46863 1.46951 0.0197081 -1.16862 -0.637523 -1.08952 -1.20873 0.390453 0.649777 1.11796 -0.665241 -1.34289 -0.475006 2.16734 -1.16365 1.10606 0.235848 1.60717 2.31224 -0.591817 1.36357 0.0971404
layer: 1 neuron: 4 5.15155 4.17778 4.95693 4.10315 3.38849 5.05886 3.78476 4.40052 4.75316 4.10347 3.9151 5.28067 4.39437 4.41327 3.52534 3.63032 3.67212 4.62775 4.64048 3.3891 4.43352 3.20418 4.4085 5.74876 4.05864 3.04025 4.38668 4.23068 5.08456 3.69913 4.22983 4.9286 4.56572 4.40128 4.53911 4.78996 0.763756
layer: 1 neuron: 5 2.57479 -3.45721 1.33005 1.76738 -2.25155 0.139114 -1.95483 0.67012 0.89375 2.31098 -0.810003 1.30754 0.636258 2.49172 0.526341 0.302515 1.5863 1.0141 -2.35778 -1.87957 0.680448 0.940402 -1.92814 -2.8277 -2.12708 -0.249425 -2.19126 -0.466408 2.83023 0.676187 0.851063 -1.01323 -3.84021 -2.34539 0.906481 0.587514 0.935667
layer: 1 neuron: 6 0.0952322 0.719362 -0.255079 0.417727 1.15047 -1.03598 -0.839904 1.92929 -0.636448 2.68834 -1.56163 0.499416 -0.611376 1.19719 0.00649374 0.556076 -1.27904 -0.924046 2.19254 -0.0946026 0.837539 -1.1599 0.485536 1.77356 -0.504712 1.23572 0.186633 -0.477724 -0.0217902 0.617185 -1.48741 -2.15297 1.21134 -0.385258 1.94518 0.0532571 0.634968
layer: 1 neuron: 7 -0.806174 1.19013 -0.365717 0.426751 -0.466949 1.45322 -0.938908 -0.294069 -0.913986 -1.19086 -1.48696 0.998874 -0.232 0.654647 1.22405 -0.309187 -0.0318714 -1.54757 0.145841 -0.782928 2.52435 -1.76026 0.795304 2.23125 -1.16857 0.137837 0.0441289 1.29989 -0.0812084 0.827289 -0.768102 -0.710796 0.864419 -0.0642718 0.700721 1.21706 0.201971
layer: 1 neuron: 8 -2.74625 1.84822 1.41753 0.681156 0.159374 1.34957 1.47746 0.156899 -0.820174 -1.16303 -0.601811 2.39166 2.99636 -1.03248 2.36032 -0.555759 1.32799 -2.05518 2.20589 1.60507 1.53921 2.27389 -1.08269 -3.24151 -3.20905 -1.56455 1.52683 2.27467 1.65824 -0.111399 -2.68618 -0.684697 -0.763472 -0.692989 -1.45203 1.30685 0.0758995
layer: 1 neuron: 9 0.894111 1.69969 0.370059 0.218698 -2.97227 -0.630529 -0.302835 0.554016 1.45585 -1.56617 0.897261 -1.00875 -0.777481 -0.958148 -0.597401 -0.722258 -2.07595 -1.19757 -2.53674 -1.13793 -1.03641 -1.15728 0.219557 0.215403 1.51063 -0.256313 1.46396 -0.232829 0.00754764 1.64379 0.212556 0.457508 1.40373 0.983293 0.386618 1.3575 0.519822
layer: 1 neuron: 10 2.79885 0.222244 0.0756472 -0.142652 1.61751 0.665129 1.31309 1.18157 0.83788 1.72987 -1.31981 2.19945 -0.499362 -0.421649 -0.670957 -0.455493 -0.365391 -0.88926 0.421337 -0.530127 -1.43457 0.223346 -2.22066 -2.43668 2.70126 -0.5842 1.33087 -1.37057 -0.518688 -1.08467 -2.13421 2.06412 -1.22869 -0.413209 -1.34265 0.389032 0.119297
layer: 1 neuron: 11 -0.870335 0.486146 1.11273 0.0996674 0.8644 0.396255 -1.43533 -0.029353 0.479656 0.510791 -0.750872 -0.113734 1.11119 -2.79516 1.08321 0.225388 -0.184954 1.89459 1.71084 1.4984 -0.14664 -0.467919 -0.544999 1.01804 -2.4301 0.649475 -1.73333 -0.499988 0.824068 -0.541657 -3.08695 -0.919311 -0.18894 0.701322 1.77576 -0.0779311 0.641774
layer: 1 neuron: 12 -3.57749 0.303437 -0.186937 0.376466 0.490525 -1.8109 2.03024 -0.0889418 -2.63944 -1.54573 0.858648 2.0377 -0.150052 -2.01942 0.2864 0.29697 1.21703 -0.528703 -0.807732 -0.408323 1.49092 -0.507142 -1.90042 2.88238 1.6183 -0.979068 3.02837 1.52297 -0.543291 1.51257 -0.70779 -2.33451 2.5175 0.20217 -2.14419 1.7572 0.267434
layer: 1 neuron: 13 1.67572 -0.673269 -1.95483 -0.255111 1.56449 -0.671094 1.61788 -0.78528 1.55242 -0.844195 1.63191 -0.403817 -0.23661 2.31349 -1.06448 -1.12609 2.50747 1.10322 -1.95092 1.34581 -1.63039 1.01563 0.543559 2.15848 -0.0181648 -1.06728 1.92155 0.872341 -0.738413 -0.11937 0.346166 1.59414 -2.16122 -0.0873172 -1.90499 -0.865296 0.844234
layer: 1 neuron: 14 -0.0271494 -0.746228 2.86583 0.0462352 0.376915 0.832962 -0.423884 1.12238 0.403412 -1.08839 -2.29685 -1.08466 1.64213 0.363866 1.62602 1.1179 -2.07094 -1.52773 0.307782 -0.198445 0.0766132 0.529948 0.322196 -0.870357 -2.03608 0.114098 -2.0177 -1.82702 2.03203 -0.661093 1.37417 0.85167 -0.496362 0.892752 0.392671 1.4878 0.154302
layer: 1 neuron: 15 1.10404 -0.272556 0.272714 0.571769 1.05233 -2.1557 -0.286392 -0.586321 -2.16009 1.00907 1.67378 -0.704745 1.46917 0.0119278 0.375764 0.504104 -0.220495 -1.19705 1.36464 0.540307 0.00270721 0.383098 -1.05062 -1.09597 0.373352 1.24135 1.32773 0.305755 -0.13215 0.416709 -1.4882 -1.6313 -0.80861 0.776166 1.16866 0.3237 0.397107
layer: 1 neuron: 16 5.05493 4.09825 4.96318 3.9574 3.40689 4.69162 3.2103 3.92812 4.45142 4.14029 3.504 5.34063 4.09846 4.36981 3.19789 3.33221 3.27366 4.29755 4.30083 3.42667 4.08308 2.8699 4.06587 5.27702 3.7532 2.73364 4.34201 4.21087 4.78757 3.7367 3.93474 4.63255 4.43719 4.09763 4.20675 4.83179 0.766228
layer: 1 neuron: 17 1.4746 2.32364 -3.2906 2.17975 0.695228 0.650166 -0.456586 1.26592 1.94426 2.11561 0.367521 -1.28024 -0.544754 -1.72375 0.025642 -1.5798 -1.01555 0.663858 -2.55565 0.823245 -0.962822 -0.0404306 1.68712 -1.21501 2.54618 -0.928268 -1.56267 -1.00664 0.930288 -0.636159 -0.71357 0.561139 -0.175358 -0.652748 0.315877 -1.82695 0.0162358
layer: 1 neuron: 18 0.449507 0.122141 0.560897 -0.158816 -0.721331 -0.561727 -0.268908 0.399706 -0.0746401 0.825189 0.288978 0.0806888 -1.65854 0.730641 -1.28802 -0.2909 0.188335 0.648386 0.917307 0.0710697 0.602141 -0.200905 -0.453039 0.216115 0.609051 0.0512777 -1.12597 -0.364198 -0.734988 -0.352035 -1.82706 -1.4549 -0.462223 0.416142 -1.32669 0.129994 0.744285
layer: 1 neuron: 19 -1.18395 -1.61641 1.31946 -1.28888 -1.83166 2.36053 0.511525 1.77133 -0.741899 -2.19135 1.14793 1.03195 0.275423 1.70742 -2.95587 0.201838 0.632185 -0.981944 0.000726575 -0.702952 0.373746 0.520716 -0.11262 -1.19687 -1.83307 -0.0562798 0.234449 0.000666266 0.0977496 -0.164583 -0.502679 0.800636 0.789265 1.62054 0.982308 1.60271 0.974914
layer: 1 neuron: 20 -0.361513 0.768825 -2.18146 -1.26889 -0.723223 0.285881 -0.791448 0.522085 -0.538564 0.180033 0.54243 -0.0158178 -0.569975 -0.841374 -0.997969 0.00346114 0.471869 -0.312896 0.0528961 -1.37347 1.18047 0.702892 2.22441 0.907952 0.311497 0.529022 -1.87487 0.873296 -0.0236379 -0.216637 -2.12203 1.3919 -0.488629 2.51434 -0.620018 1.28855 0.991546
layer: 1 neuron: 21 -0.282899 -0.865011 0.0125932 0.0778007 -1.32875 -1.05439 -1.51631 0.701354 0.328659 1.48967 -1.87307 1.74931 0.288031 -0.50879 -0.489504 -0.548514 0.8695 0.997053 -1.64306 -0.653993 1.31273 -0.30694 1.71045 -1.10776 -1.30753 -0.956756 -0.875252 1.99741 0.332976 -0.0412454 0.884296 -1.28362 1.51532 1.14324 1.03827 0.951423 0.458296
layer: 1 neuron: 22 0.65319 -1.30439 -0.78871 -1.93596 3.03327 -1.11468 3.649 -3.1618 -0.539225 1.34864 -3.53753 1.13998 0.217811 -1.28956 -0.709281 1.60013 0.829459 -0.415478 2.05513 -0.096942 0.72455 1.13888 -1.98994 -1.43425 0.30081 -1.01202 -1.60538 0.392295 3.63902 1.35537 0.0736049 -0.454473 -0.473194 -3.35995 -0.186703 1.34426 0.0816065
layer: 1 neuron: 23 5.23678 4.1906 4.94229 4.13906 3.41782 5.11852 3.77181 4.30903 4.74127 4.13415 3.69002 5.59035 4.45052 4.50108 3.49716 3.72354 3.6596 4.68824 4.36468 3.44757 4.43649 3.13316 4.39974 5.75721 4.04631 3.02816 4.32709 4.29132 4.83521 3.75994 4.29092 4.96561 4.46117 4.45649 4.51041 4.98153 0.919706
layer: 1 neuron: 24 -1.17833 -2.22784 0.639355 0.076096 -0.775024 1.88008 1.39857 -0.315957 -0.0340824 1.38475 -1.84312 0.660027 -1.0565 -1.23223 0.779774 0.64149 -0.844965 2.144 -2.60224 -0.990424 -2.02016 0.758554 -1.57369 -1.99312 0.441351 0.673393 -0.178156 1.60411 -0.647647 -0.153751 1.42179 0.752103 1.63167 -2.63323 -0.234866 -0.722097 0.44499
layer: 1 neuron: 25 5.06805 4.06971 4.87328 4.01772 3.30306 4.97343 3.70126 4.40016 4.66857 4.01804 3.80644 5.16798 4.3087 4.32965 3.44184 3.54487 3.58811 4.54154 4.55505 3.30366 4.33595 3.20386 4.31997 5.70779 3.97442 2.95562 4.39716 4.14523 4.99893 3.6137 4.14408 4.84313 4.47696 4.31585 4.53693 4.69771 0.75988
layer: 1 neuron: 26 -0.596302 -3.2495 -0.36215 -0.967407 0.388356 0.254594 0.144299 -1.11738 0.896207 -2.65871 -0.186238 -0.600937 0.503735 -0.899231 1.57959 -1.44171 0.697825 -1.29518 0.912436 0.759226 0.800327 0.383354 -1.75471 -0.0634729 0.0825152 -1.04623 0.904417 -0.121094 -0.429005 -0.620426 0.950828 1.74919 2.20342 0.364042 -0.294604 0.220635 0.615101
layer: 1 neuron: 27 -1.53653 1.10857 3.99484 2.47454 -0.791398 2.81091 -1.71886 2.16452 -1.65247 1.4686 -1.45907 0.835118 0.101472 2.26892 -0.859563 -0.0461887 -1.56307 0.717338 -2.69126 0.731068 -3.6473 -1.56787 0.652339 2.65537 0.811625 0.144371 -1.00311 3.01863 -2.53766 -0.832977 1.3027 0.805066 1.22677 -1.81632 -1.21783 -2.8539 0.733299
layer: 1 neuron: 28 -0.563338 0.0936437 1.47802 1.14081 0.578017 0.0867295 0.192536 -1.54624 0.678286 -1.51095 -1.21104 -1.45613 1.36427 -1.48533 0.399318 -2.39224 -2.65828 -0.68435 -1.32361 0.849363 1.30711 0.800004 -1.14996 1.18424 0.414091 0.769501 0.921181 1.44054 -0.557014 -0.215003 1.33325 0.577731 1.21173 0.250733 0.756121 0.972728 0.576769
layer: 1 neuron: 29 1.48726 0.576585 1.12944 0.896927 -1.32094 -0.565452 0.475732 -0.219714 0.146077 -0.705316 -0.734379 0.66209 -0.570977 -0.0850011 0.0541294 -0.820111 -1.13493 -1.76401 2.52297 0.270731 0.551206 -0.668857 1.28454 -0.141528 -1.66843 -0.0353314 0.902196 -2.2609 1.04766 1.73664 -1.1798 -1.40676 -0.0584404 -0.409126 1.35509 0.0293146 0.203589
layer: 1 neuron: 30 -0.711226 1.30442 -0.976644 -0.212842 0.627951 -3.39243 0.0460717 0.757225 -0.84276 0.398635 0.756724 -0.137359 2.25622 -1.72771 -1.70656 0.0321048 1.19871 -0.65078 0.787777 0.397477 0.872482 -1.20257 -0.461928 0.903737 1.49773 -1.77517 -1.28192 -1.08896 2.79198 0.88225 -0.855629 -1.7358 0.917694 0.786363 0.0897145 2.28669 0.0968963
layer: 1 neuron: 31 1.54379 2.00284 1.38557 1.78214 1.93524 2.34349 2.32936 2.22674 1.96756 1.55042 2.40773 1.49596 2.39812 -0.142394 1.8353 2.38643 1.76797 2.63178 2.31006 1.54503 1.94969 1.84961 2.33709 2.53124 1.34962 2.27311 1.11154 1.6857 0.342466 2.11336 2.2643 2.252 1.93734 1.28091 2.6648 2.78959 0.858669
layer: 1 neuron: 32 0.242849 -0.613886 -0.770267 -0.477357 -1.34734 1.80303 1.32961 -0.698423 -0.643044 0.676582 -0.978442 0.824528 0.333148 0.025501 1.02676 0.488516 -1.46886 1.23555 -1.76404 -2.41418 0.546204 0.611651 -0.987173 0.592236 0.3379 0.0751798 -0.272873 0.7548 -1.14243 0.182868 1.57374 -1.12132 0.567642 -0.779886 0.210457 -0.776682 0.458724
layer: 1 neuron: 33 5.00999 3.99241 4.81509 4.01486 3.30021 4.97056 3.64318 4.40722 4.60965 4.0152 3.72865 5.08706 4.30565 4.27151 3.38377 3.542 3.52963 4.53807 4.55218 3.30081 4.26684 3.21097 4.25796 5.73599 3.91579 2.89667 4.41274 4.14237 4.9959 3.61085 4.14097 4.84024 4.41479 4.31298 4.59929 4.88975 0.871273
layer: 1 neuron: 34 2.37496 -0.0927169 0.645509 0.305875 -0.631401 0.958302 0.936802 -0.979332 -1.72319 1.39252 -0.886118 -1.25424 0.0965572 2.48639 0.609474 -0.139219 0.118448 2.37106 0.2803 0.747145 -1.71324 0.893217 1.27843 -1.94828 0.0521257 1.21573 -2.66828 -1.5304 -0.492156 0.241354 -0.0926906 0.972854 -2.01388 0.617642 -0.0174728 0.274058 0.889554
layer: 1 neuron: 35 -0.960076 0.78189 2.8135 1.60499 -0.45335 0.274197 0.179746 -0.352564 1.13701 0.916863 -0.0555461 -0.162295 -1.39697 0.394212 -1.77798 -1.28625 -2.90343 -0.124741 1.31685 1.25867 3.19389 0.626441 1.66849 1.37323 -0.840978 0.470127 -0.942032 1.55468 0.618065 -1.7263 0.501458 1.38973 -0.802654 1.70504 -0.19112 -2.77442 0.884823
layer: 1 neuron: 36 1.43725 -1.46634 -0.138879 -1.72322 1.06314 -2.63443 0.538445 -0.265237 3.83113 -1.63896 1.2806 -1.69338 1.09668 0.294557 -2.14999 0.194327 -0.299937 1.36433 0.923631 1.1641 0.285152 0.886676 1.31827 1.34953 -0.820102 -1.1284 0.244655 -2.02681 1.6203 -1.57505 0.133968 0.458336 -2.08921 2.73052 -0.60349 0.238792 0.79519
layer: 1 neuron: 37 -0.635739 0.34262 -1.63104 0.79896 0.747051 1.89353 1.81925 0.84033 -1.95792 -1.94598 0.772965 -0.272667 1.80507 1.13879 -1.03155 1.69349 0.52174 0.177595 -2.21896 0.641464 1.00669 -0.369771 0.234938 -0.179661 0.276051 -1.09347 1.10599 -0.521769 1.35806 2.43705 -0.29374 -3.01152 -1.69192 -0.948213 -3.82915 0.196042 0.736351
layer: 1 neuron: 38 0.301238 0.915603 0.919991 -2.34833 -0.260431 0.428157 -0.637244 -1.66743 -0.82079 -1.03705 1.6049 -1.48925 -0.157497 -0.605622 0.188449 0.729446 -0.191804 -2.24378 0.308971 0.495978 1.0349 1.24485 -1.11662 2.16493 -0.536022 0.648501 0.948475 -0.928616 -1.3808 -0.70633 -0.0469602 1.11529 0.552494 0.170863 -1.0866 0.963747 0.313395
layer: 1 neuron: 39 -0.128468 0.377107 0.448335 0.113395 -1.1864 0.4336 0.531001 1.6673 1.2054 -0.730883 0.71817 0.839813 -0.690697 0.74751 0.684465 -2.19445 -1.22663 -0.611548 2.17376 1.28674 -0.827995 -0.274036 1.21034 -1.7408 1.4356 -1.507 0.791145 -0.54027 0.475232 -0.0305594 -1.13862 -0.663436 -0.928049 -1.59049 1.10072 0.359832 0.628254
layer: 1 neuron: 40 1.12216 1.33909 -0.586139 0.529695 -0.155993 -1.23131 -0.760728 -0.474723 -1.56532 0.150544 -0.809869 -0.980311 1.89523 -0.220417 -1.41661 -1.28425 0.85683 -1.36377 1.66894 -0.0904606 -0.980537 -0.912509 -1.35095 1.0381 0.795929 -0.13988 1.5507 -0.449939 0.38579 0.948358 0.0151978 -1.07074 -1.91856 1.35843 -0.350488 0.0137292 0.302988
layer: 1 neuron: 41 0.771569 0.858478 -2.7848 -1.94208 -0.109549 -1.12368 0.551244 -4.52078 -0.712409 1.93249 -1.04329 0.457209 -1.12369 0.228813 -0.673814 -0.0963918 0.254366 0.106626 0.48182 -1.18733 0.141221 -1.10933 0.314421 0.421622 -1.53395 -0.0636982 0.690757 0.326797 1.5523 3.08865 -0.361941 0.786951 1.77532 -3.5606 0.949377 -3.03522 0.648854
layer: 1 neuron: 42 1.15591 1.681 0.128417 0.0517347 0.375865 -0.195151 -0.14322 -0.971469 -2.00919 1.12529 -3.02732 -2.48589 0.845333 -1.22846 0.0031008 -1.55667 -0.960027 0.55486 -2.86238 0.597107 -0.0157362 -1.26928 0.342982 1.08998 -1.99148 0.449785 -0.755986 0.0969016 1.41501 1.41709 2.40284 0.784113 2.55793 2.24042 1.40972 -0.0725148 0.316935
layer: 1 neuron: 43 -1.12999 0.0135336 -0.121073 0.997823 0.511961 0.546229 -2.29011 1.13295 -1.19745 -0.44332 0.958359 1.67727 -1.26678 0.427424 -1.82861 1.76234 0.0595336 0.399266 -0.985396 -1.81558 1.17713 0.134709 -1.09683 0.553305 0.883132 0.593812 -0.0218793 -0.272067 -1.26425 -0.706789 -1.15074 0.126284 -0.0580332 1.0483 -0.676383 0.513172 0.248024
layer: 1 neuron: 44 -0.323145 -1.52423 -2.07251 -1.10495 -1.5498 -2.23451 -1.45713 -1.78709 -0.484851 -1.58217 -2.65731 -1.85759 -0.888893 -0.990988 -0.843137 -1.90559 -1.48092 -2.16411 -2.40621 -0.924174 -0.878816 -1.89772 -1.35146 -2.46569 -1.22677 -1.08361 -0.925624 -2.19161 -2.48328 -2.05784 -1.85066 -1.68225 -2.32389 -1.55347 -1.72859 -1.74989 0.991852
layer: 1 neuron: 45 1.91517 -2.65177 -0.201601 -2.13135 0.28983 -0.949646 0.190558 -1.60944 1.37845 0.827262 -0.535225 -1.46415 1.23688 -2.52437 -0.220734 -1.58571 -0.565868 0.376513 -0.0837249 0.96279 -0.127718 -0.532077 0.934629 -0.0791387 -2.48948 -0.773398 2.06047 0.920555 1.07174 -1.43051 1.04638 -0.0902217 1.38918 0.0658064 0.796901 -0.40194 0.619221
layer: 1 neuron: 46 -0.440677 2.60238 1.93291 2.40226 1.09631 -3.80825 -1.4645 1.51489 -1.72026 0.689392 -0.636806 2.52258 -0.859194 0.432518 -0.830415 -1.44331 -2.28811 -0.128021 -2.0332 0.157755 -2.70606 -0.489564 -1.00974 0.466409 1.51182 -0.130845 1.07697 3.06112 -2.68061 0.209401 -0.296064 -0.99172 -0.345463 -0.247076 -1.57419 3.09046 0.250191
layer: 1 neuron: 47 -0.239884 0.917167 2.56145 0.598006 -1.52342 2.77021 -0.788341 1.12677 -3.38538 0.079313 0.0919971 -1.89246 -0.504862 1.3973 -2.09437 -1.56587 1.05439 -1.45153 -1.30111 0.498061 -1.09553 1.02604 -1.74485 -1.93365 -1.46518 -1.28918 1.65108 0.453645 3.46842 1.16628 0.918854 0.0106654 -0.781843 0.664673 0.730865 -1.57601 0.0500198
layer: 1 neuron: 48 0.387744 -2.28097 1.17397 0.887363 -0.560405 0.345914 1.24836 1.77451 -1.45812 -1.25431 0.345693 1.82425 0.951159 0.208858 0.430039 0.3803 1.08054 1.00331 -1.11567 -1.92627 0.193042 0.075045 0.151 -1.41666 -1.70417 0.505487 0.00704544 -0.710355 -1.1053 2.03482 -0.779751 -3.13928 -0.777643 -1.438 -3.2346 0.957807 0.376354
layer: 1 neuron: 49 -0.314429 0.494415 -0.693184 1.74873 -0.157147 -1.02602 -0.620334 2.21231 -0.912751 -0.700626 -1.57508 -0.15281 1.81139 0.056447 -0.470846 -0.916309 0.666949 -0.50319 0.486947 1.14535 -0.757509 -0.274287 -2.91513 -2.33138 1.24149 -1.13516 -0.0171312 -1.60223 0.256058 0.473877 0.241531 0.633287 0.404687 2.3759 1.63666 3.04132 0.307169
layer: 1 neuron: 50 -0.0312213 -0.911909 -0.495604 1.99035 -0.842959 1.48666 0.847182 -1.57761 1.87728 -1.22248 -1.44787 1.74457 -0.0377415 -0.890051 0.726585 -0.373349 1.3254 -0.0646086 -1.43014 0.53989 -0.297951 -1.14079 -1.22528 0.790536 0.411351 -0.685727 -0.43622 -2.04494 2.8782 -0.102213 0.945536 -0.242461 0.842328 -0.923125 -1.8323 -0.9402 0.0231025
layer: 1 neuron: 51 -3.08781 2.16265 3.98813 -1.45154 2.76389 -0.563366 -1.59462 1.92061 -2.10539 2.35204 2.90919 -3.48399 1.7539 -1.87424 0.20751 1.62985 0.00215468 -1.40109 0.93918 -1.61273 1.19668 -0.343512 0.458082 -1.16633 -2.7123 -1.17412 -4.33556 0.482459 -0.918585 1.10285 -1.75508 6.33669 1.85717 1.4267 0.676076 2.53169 0.136845
layer: 1 neuron: 52 -0.479835 -0.0630262 -0.749674 0.881056 -1.72813 1.4616 0.990962 0.580682 2.72544 1.18043 -1.75034 3.70714 -1.58951 1.23092 1.43134 1.5834 -1.10945 -1.10471 2.7356 -1.21865 -2.54381 -1.65139 2.64085 -1.35014 0.0432988 0.805284 -3.03397 -2.84507 2.50272 -0.643888 -0.693613 0.00881377 1.44434 -3.12845 -1.20443 1.17815 0.151006
layer: 1 neuron: 53 0.953208 -0.121369 0.0142749 -0.483232 2.46265 -2.54846 -2.05064 0.836175 0.814149 1.38625 -1.59541 -0.43662 1.75251 3.08228 0.114975 -0.470337 0.214807 -1.89194 -1.18662 0.0974639 -0.946485 -0.327876 -0.246159 -0.3164 1.77057 -0.526848 2.49314 -0.0102899 -2.01019 -1.53295 2.29572 1.71033 0.404389 0.228292 -0.0487555 0.384979 0.121952
layer: 1 neuron: 54 1.43966 0.868913 -0.198642 1.5237 0.744495 -3.05626 -0.0540929 -0.503772 0.444996 0.356247 0.413048 0.529052 -0.632483 -1.51615 -1.04565 -0.544843 0.0870636 1.00713 -1.32546 -0.0616395 -1.57006 -0.400839 -1.22392 0.14024 1.80573 1.41352 1.61052 2.59851 -2.94015 -0.834065 0.127867 2.57113 -1.54095 -0.465669 -2.76049 0.44772 0.429914
layer: 1 neuron: 55 2.10467 -0.305976 -0.696605 -1.55148 0.738217 0.372456 -0.420487 1.62592 -0.105109 1.84861 -0.207655 -1.57095 1.70528 -0.145125 1.52958 1.45276 -1.21087 -1.10076 0.38042 -1.15097 0.117768 -0.142611 2.72498 -0.811231 -1.00913 1.0886 -1.2739 -1.10114 -0.391486 0.739475 0.168788 2.54049 2.246 0.330534 0.956749 -2.46593 0.559954
layer: 1 neuron: 56 4.25312 0.388216 0.641141 -2.21918 -0.136967 -0.678543 -0.871293 0.108207 -1.47968 -0.914294 0.151328 -1.73801 1.58138 4.21592 2.04696 0.665339 0.601534 -2.7457 0.56335 0.551563 0.292719 1.02545 -1.3709 -0.381131 1.89165 0.958423 2.03831 -1.11563 -2.80966 1.13289 1.95613 1.58082 -2.07649 -1.11414 0.741165 -0.143472 0.359203
layer: 1 neuron: 57 -0.00794477 0.713963 -4.42537 1.87756 0.352743 2.47364 0.800765 -0.800277 0.680067 -0.391153 0.13302 1.35506 -2.56137 0.197013 -2.12627 0.722596 1.54093 1.67587 1.38314 1.55539 -0.35317 -0.757247 1.13994 1.02335 0.0889839 -0.973113 -1.10248 -1.4311 1.21639 -1.42821 -0.238868 0.54894 1.14048 0.355756 -1.00927 -2.49658 0.840205
layer: 1 neuron: 58 5.18071 3.8238 4.89588 4.11569 3.39381 4.63178 3.75171 4.26782 4.72164 4.09641 3.88411 5.69004 4.42801 4.49562 3.09405 3.70997 3.63854 4.22074 4.6481 3.42829 4.41687 3.11868 3.9391 5.40374 3.91611 2.90231 3.88338 4.23116 5.11612 3.67948 4.26081 4.96793 4.52709 4.4363 4.49152 4.86314 0.920713
layer: 1 neuron: 59 1.58078 1.98068 -0.717736 -1.34187 0.697875 -0.580568 0.327531 1.37516 -0.739843 0.71621 2.13372 1.16569 1.19698 -0.574573 0.00731226 0.641503 -0.109621 -2.16907 1.34306 -0.911523 -1.08512 -0.494948 1.53569 -2.67389 1.00037 -0.205167 0.50784 -0.107915 -1.73669 1.49025 -2.85477 1.99207 1.91477 -1.57084 0.614368 0.750894 0.129795
layer: 1 neuron: 60 -4.35985 -3.41249 -4.16537 -3.23991 -2.52525 -4.19561 -2.99307 -3.51943 -3.96263 -3.24023 -3.15046 -4.52036 -3.53138 -3.62171 -2.73365 -2.7671 -2.88097 -3.76534 -3.77723 -2.52585 -3.65696 -2.32311 -3.6222 -4.50742 -3.26772 -2.24976 -3.49394 -3.36745 -4.22153 -2.83589 -3.36691 -4.06539 -3.77966 -3.53804 -3.58636 -3.67412 0.587695
