topology: 62 60 37
layer: 0 neuron: 0 0.0829842 9.25339 8.24611 2.57163 -6.75027 1.22541 -6.63287 -1.17168 -3.79821 6.12748 -4.89163 1.17299 4.35529 3.65445 6.13269 6.52395 4.22594 5.06504 13.1879 10.417 11.1678 -13.4323 7.22193 -7.31795 5.62873 5.06571 12.323 -4.95166 23.8857 4.70862 -0.634548 -10.6232 -0.695864 -6.59783 0.269654 7.1471 -0.0660857 -9.6917 -12.5367 8.50088 6.72341 12.1116 -10.2043 -2.65152 -1.10809 7.3832 7.3485 -2.54268 -1.60943 -3.45524 6.70172 1.89171 -4.50117 -10.4368 4.55885 -0.502016 4.4997 6.51182 -5.52178 -1.96364
layer: 0 neuron: 1 5.02009 6.59698 7.37159 -1.04173 12.8874 -18.1772 -1.68497 16.5775 9.50994 6.66311 -12.7577 -1.33166 18.3066 -5.0456 22.5409 -0.362113 8.20333 0.870511 -3.54497 -0.0187658 12.3347 -3.56645 19.1724 -1.23098 4.56524 15.649 -3.54966 -5.1234 -6.21039 15.7568 -13.3535 -0.562387 1.22036 8.12604 2.26304 1.822 10.9594 -1.30675 -3.03413 -5.2421 15.9881 2.20446 0.513798 -14.5911 6.609 5.74151 19.8658 -5.33389 -0.683949 9.22452 0.680239 3.02673 -17.5643 -15.432 -12.5034 3.50353 -2.70791 6.8475 -3.31875 5.43298
layer: 0 neuron: 2 4.83083 4.0767 1.62919 13.3957 5.54578 -6.505 0.173851 14.9292 11.2281 -2.74033 -9.3732 -3.66557 15.7855 -8.04739 22.2576 -3.02592 -1.82305 0.995315 1.53999 1.6736 6.17714 -5.16414 15.9123 5.39993 4.17718 13.9688 3.10388 -3.52562 -20.0044 14.8192 0.514706 3.73713 6.55963 -2.54856 -4.14646 1.4891 3.17399 3.98491 -0.466438 -0.764756 15.4588 -1.01459 5.86896 -10.784 -0.704364 11.054 17.0919 2.94652 1.11523 12.2479 -1.21154 -1.86466 -20.3161 -10.9953 -2.65716 5.25678 4.17804 5.51171 -7.25709 5.30401
layer: 0 neuron: 3 -2.40802 -11.2857 -6.24663 7.26342 3.30731 4.94589 -2.48545 7.30951 -4.91143 6.66908 -6.73722 -8.0446 0.0678705 -10.1437 5.31197 1.37003 -11.2494 -8.66255 -5.70065 -2.1074 -11.9209 -4.88317 3.75495 9.41267 2.90627 12.7097 -4.39484 3.60878 -22.8323 3.15247 14.0835 9.66081 12.1858 2.55103 -4.49884 2.45491 -23.2316 5.76826 -4.11039 3.2877 5.88017 -2.61142 11.4552 -2.14926 2.16429 7.98581 4.58617 10.7318 2.02022 10.5119 -5.81351 -10.169 -4.71114 4.71093 3.36396 -2.54235 3.06358 -3.23485 -10.9034 0.770207
layer: 0 neuron: 4 -4.79602 -15.2337 4.79075 -6.81863 0.202722 8.24779 2.2458 -11.1261 -13.0548 12.1549 -1.04984 3.39849 -4.57411 -0.976798 -5.6068 8.38829 1.67279 -15.6946 0.786671 2.21325 -14.8382 -0.919275 -3.29563 -1.38098 -12.316 4.74896 -2.13912 6.91687 9.47077 -6.27939 6.78964 -0.681377 13.1328 1.86825 4.29706 -3.01325 -14.8123 4.97772 -4.66126 -1.30844 -5.87706 4.46154 2.07225 7.51555 1.37055 -11.6871 -3.35565 -3.90112 1.63543 -12.8259 -6.85966 2.20099 8.10761 1.01376 10.7672 -9.00377 -1.33471 -15.7513 7.99524 -11.3201
layer: 0 neuron: 5 0.332172 5.35399 -4.90604 3.30263 1.02612 8.84324 -0.507036 -1.7569 1.99397 1.75666 13.6325 4.58143 8.53673 9.40569 8.45471 -2.78643 11.3736 -6.80026 -3.7431 -1.10304 1.58693 8.09391 7.81758 -15.1756 -5.54673 1.13984 5.04878 0.894708 10.9301 0.607212 9.00492 -6.86184 -3.58963 -4.11052 8.37514 -3.37938 -2.1172 0.894158 4.25447 0.929032 4.93472 4.6705 3.662 11.452 -10.1861 -0.636598 8.20337 -10.7059 1.79906 8.24455 -2.41434 3.35926 0.428615 0.777469 4.54573 -6.05064 -11.4634 -14.415 14.3234 -11.1547
layer: 0 neuron: 6 -0.774955 0.649931 0.758819 6.0255 -3.31052 0.936318 -6.05528 -9.4329 20.5633 -16.6093 22.0078 5.61982 6.76214 2.51373 8.69151 -8.54684 -3.2266 2.75771 2.96382 -4.43346 -1.03375 16.9501 4.67651 7.91022 -5.90973 -3.8953 -0.585804 -6.48341 -0.327332 3.20449 7.88817 2.13756 -20.7302 -3.84904 -0.306262 -11.3178 11.7129 1.31762 22.0653 -4.62096 4.78847 -15.8772 15.0415 9.58713 -1.77864 -1.73288 5.51575 2.9817 0.158206 7.82907 0.813665 0.668127 -7.81944 15.0758 -9.7022 1.94566 -5.00335 -1.66565 1.2312 1.25664
layer: 0 neuron: 7 -0.280696 0.822422 -8.73531 1.22452 1.12024 -2.96712 -1.32016 -3.09195 6.74545 -3.92118 6.77758 0.452643 12.6623 -2.0384 16.6898 -2.18717 -4.04182 13.8662 -4.76307 -10.2882 -3.22054 9.05085 12.1532 4.77079 1.93282 -3.49901 -3.21565 -0.386737 -9.89898 8.29348 4.02725 8.21137 -7.37274 0.826098 -2.19093 -0.123667 2.06318 0.644474 7.8236 -7.52018 11.3008 -5.72849 3.86005 0.213512 5.46846 -3.37613 13.1898 1.43589 0.937606 4.04355 -0.218127 -3.35492 -14.6037 3.22235 2.25289 3.76346 -4.69894 10.9389 2.36395 3.31655
layer: 0 neuron: 8 -1.052 1.50043 2.00578 1.1569 -1.2802 -0.13498 -6.41669 -11.7904 -2.90558 2.56138 3.0871 15.0704 3.57693 3.11695 -0.764545 -3.00678 -2.67902 9.59797 -1.99565 2.92501 -0.349788 7.78229 3.74554 4.8069 -3.19575 1.73843 -3.37658 -4.80764 7.40343 3.94646 -7.00279 5.62807 6.5754 8.34272 4.80089 2.67279 -0.601245 1.52421 -3.42568 -1.22056 2.86166 -3.57511 -6.20605 -7.44524 2.07241 3.42493 3.44076 0.668673 -0.403446 -0.580151 0.96815 -2.9864 6.30401 14.1019 -4.53287 0.568969 0.249182 4.68811 10.1969 6.458
layer: 0 neuron: 9 4.18701 4.47261 -2.76701 -1.0042 -5.87713 1.94037 -4.13129 8.33245 -1.84983 -0.0607636 -4.66915 5.81145 -2.92241 5.28549 1.40546 -7.98341 -1.50597 -3.23974 -3.49654 4.59445 -0.598742 -14.1627 1.12054 4.98563 4.21127 -3.21923 1.18444 -0.326837 8.98712 -3.00827 4.35013 -3.49416 5.69185 -0.821242 9.12183 -1.94018 -3.7341 2.95764 -4.14604 1.54956 -1.77809 -1.30328 -4.5701 4.35608 -13.0199 -1.12107 1.40356 5.96662 1.34458 -11.8168 -2.31634 0.965139 4.05605 7.64411 0.196292 -0.750107 10.1249 -2.0835 0.778404 2.26333
layer: 0 neuron: 10 -0.595492 1.91252 -0.109507 0.83986 -7.96381 6.70912 -5.77731 8.92834 -0.56643 -0.0531863 -7.0835 11.5905 0.831659 3.902 0.365792 -3.98604 -3.12024 1.35671 9.61474 6.24104 -2.40541 -10.828 3.76945 10.7487 -5.7158 0.715524 3.57616 -1.998 8.25738 5.00676 -0.0935149 0.0320318 4.81293 3.51311 7.42961 1.84276 0.376267 9.60202 -3.44699 4.5169 4.3878 -9.06573 -8.80731 -1.94205 -8.04772 3.4516 3.52867 10.2487 -0.603081 -10.1627 0.982959 -1.09534 0.249972 9.10245 -3.5419 -10.2555 4.87316 5.27024 3.91659 2.51782
layer: 0 neuron: 11 -4.90354 -0.134276 -5.23923 5.67904 -0.7773 -5.34035 13.0702 11.1372 3.55851 -4.54516 -11.0144 1.89731 23.0588 -2.65057 22.6901 1.44197 -4.7314 -3.23684 15.1199 -0.739489 -2.71399 8.94493 21.7716 -2.78378 -3.6905 3.64829 11.3302 -0.0561553 -7.40166 16.3643 3.72014 6.20417 2.54106 2.50989 -8.27391 4.73421 2.05264 1.55386 -5.20245 -8.36121 19.6089 0.54383 -1.63771 0.1387 12.2394 3.03277 22.5195 -5.56252 -1.89735 4.16965 1.1043 -6.87558 -23.1257 -9.65458 -4.77098 -4.16406 8.07008 -2.2691 -2.7308 3.95876
layer: 0 neuron: 12 0.730224 1.76118 4.4663 8.70637 -2.91211 -4.35174 -5.06692 4.57744 1.42313 4.3862 2.83016 1.47687 12.1294 4.13911 13.3703 -0.3806 3.43529 -6.43324 3.3881 -4.86178 -2.81561 2.8407 11.3958 -5.24781 2.36536 8.25906 1.03058 -5.56311 3.34636 9.95837 5.14871 2.52315 6.94093 3.21456 -1.81531 1.78174 -6.13006 3.10378 -5.12323 -5.63511 10.886 -1.12397 1.05232 -6.8138 11.6923 -0.193285 11.9604 -5.6984 -0.525784 11.3664 -0.732704 -2.74758 -13.0808 -6.23172 -7.8305 -0.806474 -3.39249 -5.2739 0.449888 -1.35206
layer: 0 neuron: 13 3.33907 5.3692 16.7042 12.1059 1.51442 3.66743 -30.3369 -13.5556 1.26142 8.88385 15.461 9.90437 3.51658 5.38213 7.71463 -1.99538 9.92998 -6.48033 -8.00289 -1.07259 1.3755 -6.67594 3.70305 2.33074 -2.50471 10.0174 -10.1667 -9.49636 21.1707 6.83203 -0.561661 -5.237 8.78061 4.31739 7.69759 -5.40634 -7.02226 0.369244 2.12334 4.19587 3.28728 -3.39299 4.27704 -14.4515 -1.87721 -0.565212 4.23185 1.81575 -1.85551 6.71014 1.87732 2.50331 -4.46752 6.91973 -7.13376 -0.301675 -15.1739 -4.41904 3.64166 -6.55144
layer: 0 neuron: 14 1.61998 5.64061 9.30417 3.30341 -0.769061 -0.775251 -17.7256 -17.6086 1.5613 -1.76972 5.71132 3.4616 -1.49552 3.26769 1.40612 1.19251 3.04153 -11.8599 -7.04718 5.14652 1.76524 -2.02584 -2.52451 -1.14288 -1.41165 0.37484 -3.71842 -2.70819 7.12686 -1.04387 1.8158 -7.40273 -1.06998 0.190364 4.19344 -3.93521 -0.580458 -4.68296 5.1643 3.52722 -4.88531 -3.89182 8.94818 0.844798 -2.51291 -3.09668 -1.93446 5.78028 -0.326652 -0.26146 2.12548 1.74439 -0.717523 3.8913 -4.19143 -1.43581 -9.19649 -14.0092 -0.686777 -2.89215
layer: 0 neuron: 15 -4.99408 -2.27473 -1.87338 -8.17671 -0.62131 0.789092 -0.760707 -14.514 -0.083196 -2.29633 0.624297 -5.26443 4.89986 -1.20277 5.48551 3.77411 -1.01609 -5.11063 5.68329 6.80543 -0.89708 7.05179 5.15119 -3.4938 -5.82175 2.61711 4.86799 1.99279 -2.24457 -0.298415 2.36526 -2.42764 -7.48559 -1.43119 1.19725 1.36221 -1.44457 -7.53898 -2.11053 2.76107 2.57372 0.420432 5.70666 10.8281 -2.11067 2.40903 5.60078 1.21391 -0.988065 -0.292419 -0.100148 0.0450147 -5.85385 2.54056 3.90327 -10.0704 -3.03494 -6.27617 0.107372 -2.69344
layer: 0 neuron: 16 -2.51293 -6.73099 0.465436 -2.79924 6.10606 -2.63659 0.533796 -8.2293 -2.81247 1.24305 4.05216 -4.70885 -11.4437 -5.34278 -13.9048 5.67843 -2.28747 10.232 -2.22661 -0.764999 0.866567 6.03643 -11.4309 2.7401 0.11446 7.21713 -2.19567 -1.11964 -4.27473 -10.6563 -5.34559 1.14967 -3.74049 -6.09724 -1.02782 1.22545 -0.249555 -2.07595 -2.83957 -0.166826 -9.18433 5.7902 -1.74374 -3.67212 0.549573 7.80717 -11.6065 -9.21164 0.507183 4.70085 -1.18775 3.16803 11.9028 1.95535 10.528 4.54503 -4.10272 12.0603 2.76234 -3.34574
layer: 0 neuron: 17 2.57714 0.971978 -5.89759 4.54058 3.20707 -0.669824 1.36621 1.22821 -3.97027 2.78388 4.18842 -7.57768 1.82308 -5.11513 4.40538 -2.56404 0.366914 6.09992 -3.79473 -1.69674 0.994415 3.79014 2.39429 -5.88992 1.52084 -0.853707 -1.93881 -2.40813 -7.50363 -2.53863 2.96902 -1.93317 2.31776 -6.40069 0.0215982 -3.42059 -3.52382 -2.8474 -0.00641081 -2.57837 0.842641 6.08187 0.278474 -0.417847 -4.8249 0.553205 3.03222 -8.22664 -0.359207 8.07996 -2.73648 -0.0419447 -0.238469 0.33333 5.82523 6.13462 -1.60071 -1.3145 1.32559 -1.27892
layer: 0 neuron: 18 2.76903 1.93737 1.84966 1.08717 -5.58304 4.27728 1.9342 2.66467 -2.27592 -0.922926 2.96831 -2.41118 -9.23133 3.39482 -11.6499 -3.3839 -0.670329 -4.01953 1.7032 4.28886 -1.30504 -3.17367 -9.78844 1.02906 1.55432 -3.65185 2.58212 -0.0270044 7.28952 -7.11745 5.49934 -1.54501 5.56033 -2.7586 1.52278 -2.79356 -3.21192 0.116442 -0.244905 -3.24741 -8.79169 0.812923 -0.771114 7.15195 0.24466 -3.17247 -10.3829 1.91853 1.15565 -3.56755 0.306774 -1.04815 10.0655 4.11166 0.950579 -0.280969 7.77758 -6.81837 -3.00141 0.0123857
layer: 0 neuron: 19 -3.97459 -7.66523 6.21496 1.65632 -9.21994 3.02841 8.70963 1.04911 -5.10739 -2.67871 -4.47467 -3.03252 -20.463 1.28688 -24.2588 6.82507 -3.44756 -4.34863 6.68246 1.61562 -3.77226 -4.7794 -19.5885 -0.0610254 -3.69297 -5.9905 1.65555 3.36335 -4.04329 -11.1727 -1.62761 4.88418 0.511834 1.01085 -9.49097 3.20977 0.999691 2.46856 0.000481842 0.108448 -16.3759 -1.25083 -1.79175 -0.370199 11.0668 -1.30436 -20.7908 6.4024 -0.0904397 -7.90424 -0.915754 -1.21228 16.7297 -2.89445 -7.15045 1.86342 11.4401 -0.837108 -8.0852 2.03388
layer: 0 neuron: 20 2.62867 -5.67741 -4.95016 -2.57795 0.200164 4.82583 -7.25619 7.48974 -1.25596 0.782915 -2.3424 -5.71083 17.3494 -1.34457 28.2282 6.25038 -0.846733 -3.72418 -7.8857 -5.57766 -2.67437 1.43403 20.5373 1.93317 -2.50332 -6.44964 -10.3168 9.17418 -20.4023 13.2235 1.92611 6.52499 -2.41751 4.57028 -1.55616 2.75014 1.29886 2.08946 14.8464 8.56785 17.3786 -6.10592 5.53101 4.24014 -6.30276 -18.2244 21.9085 22.8457 1.39571 -2.88799 -1.82044 1.74404 -17.9649 -0.489882 3.95451 -2.31029 -7.95018 -3.02991 2.14347 3.90475
layer: 0 neuron: 21 -1.05751 -0.10647 0.759916 -0.543351 0.0439897 1.7078 -4.53054 -0.277818 -3.69806 -0.348272 -2.47611 -2.30839 27.0046 -1.0888 41.7513 3.10264 2.39616 3.58542 4.80276 0.529125 1.80415 -2.3899 30.5532 -2.17964 -4.1051 -0.0731389 -1.01329 -1.4043 -2.45712 16.5313 -5.86584 0.173093 -1.54639 2.47016 -3.12537 2.2225 2.17462 -3.61294 -1.47926 2.8196 24.5976 -0.403597 -3.06995 -2.16859 -2.69693 -0.607522 32.457 3.28311 -2.62379 -0.860491 1.35969 -0.804571 -31.1641 -1.70603 -0.686917 -4.43991 -3.6905 3.03454 -1.66388 0.949813
layer: 0 neuron: 22 0.00818831 -1.22367 2.07137 -0.871817 0.248506 2.50807 0.14851 1.60855 0.09138 -1.25102 0.76629 -1.75204 29.1589 -0.688418 43.7071 0.581789 1.23112 2.36745 6.31198 3.28928 0.908899 0.537893 31.8346 -1.26872 -2.76209 -1.0285 2.40706 -0.635519 1.2503 16.0295 -1.54143 0.48811 -3.96795 0.155634 -0.524347 -1.08635 2.99311 -0.928004 -0.0134081 1.47905 25.627 0.425365 -1.06227 4.47554 -3.8883 0.513605 33.8916 0.728178 -0.353034 -0.156888 0.454734 0.311374 -30.6692 1.31775 0.663229 -2.17773 1.78405 1.14514 0.488122 -0.00299153
layer: 0 neuron: 23 2.02046 0.58071 -0.685035 2.05212 2.05793 0.428101 1.68414 4.55492 2.04955 -2.23931 0.526536 -1.66223 29.0739 -1.75117 44.0394 -1.09922 -0.262012 5.50946 5.49877 1.11089 3.04965 1.26526 31.5964 0.352077 0.486355 0.506484 1.72618 -0.877071 -1.54563 15.291 -1.42253 1.96799 -2.35541 0.504417 -1.46358 0.475242 3.21507 -1.33307 0.406766 -0.848305 25.5189 0.353896 0.206794 3.08599 -2.04958 3.96821 33.7663 0.455867 0.410698 4.81454 1.24566 -0.959571 -31.0007 1.19024 0.986308 0.203395 3.16962 3.53345 -1.66259 3.18734
layer: 0 neuron: 24 -0.283301 -0.16651 -0.725728 -0.403255 -0.634582 0.309426 0.562669 1.4528 -2.80626 -3.2205 -1.85845 -2.53619 28.5055 0.309987 44.0704 -1.46601 -0.296199 2.01612 4.61031 0.779011 0.905943 -0.908172 31.6805 -1.31148 -0.682868 -1.40242 0.112723 -2.2515 0.278255 14.8335 -2.29043 -0.690193 -0.117953 -0.937282 -2.21861 -0.487169 1.3249 -3.43354 -1.99084 0.481296 24.9584 0.526707 -2.55542 1.393 -3.77197 2.89523 33.8333 -0.780638 -1.36667 0.853174 1.00891 -1.88722 -31.2711 -0.341586 -0.563899 -0.852504 1.47933 0.273572 -2.59313 1.14666
layer: 0 neuron: 25 2.00338 -0.112375 2.66447 0.162311 0.275042 1.54657 -0.0712962 1.47433 -2.71691 0.00348435 -1.92604 -0.547776 28.7729 2.10586 45.1043 0.982939 1.42073 1.94242 3.42066 1.75976 1.88057 -1.35463 32.1727 -0.020267 1.00816 -0.2727 0.092201 0.701371 1.40316 15.6177 -1.45272 0.80614 1.90899 1.07323 -0.249981 1.42213 1.82303 -1.42377 -1.38156 2.26402 25.1699 1.6461 -1.45555 1.81352 -2.05388 2.14214 34.3693 2.39723 -0.168768 -0.541675 1.18932 0.662342 -29.2554 0.0684165 0.822346 1.07308 2.12264 1.48498 -0.95568 2.03445
layer: 0 neuron: 26 0.690217 -0.393207 0.737431 -0.798461 0.188161 1.21532 0.207192 1.2895 -1.68452 0.0987315 -0.886786 -0.0344235 28.3511 1.40732 44.4091 0.413087 0.915969 1.72685 1.53638 0.496846 1.28417 -0.567147 31.3259 -0.0956056 0.261403 -1.46028 0.117492 0.449313 0.791434 14.627 -1.29072 0.609913 -0.183403 0.946077 -0.332153 0.786982 1.66654 -1.09307 -0.455389 1.09893 24.4755 1.02516 -1.3165 1.54678 -1.43247 -0.071167 33.5627 1.16106 -0.155025 -1.51994 0.619824 0.320894 -29.522 0.0835284 0.591613 0.32142 0.997642 1.40577 0.156105 1.05253
layer: 0 neuron: 27 -2.2561 -3.8054 -3.48277 4.80825 6.1677 0.283303 7.48715 0.24892 0.0495416 0.975091 -1.80342 -0.169604 28.1994 -4.37466 41.9879 3.67591 -3.68819 7.7951 -0.105453 -5.69262 1.47621 4.72215 30.2569 2.64423 -0.497989 2.11312 -0.22462 3.48007 -12.0091 15.8904 -0.480995 9.06941 3.12309 1.35219 -8.05711 3.58841 -0.00416123 0.765962 0.321689 -1.0955 24.4743 4.61443 2.15267 -4.69154 7.16257 3.30474 32.3872 -1.23357 1.01439 4.64753 -0.7989 -2.95114 -29.0294 -5.65279 3.07793 3.31143 -0.310312 7.04715 -2.07291 3.44045
layer: 0 neuron: 28 0.769043 0.630823 0.733837 0.985521 -1.28444 -0.687703 -0.514399 -1.66645 0.0365139 0.313265 0.769617 1.95869 30.5056 1.29461 44.804 3.36944 0.728379 3.12628 2.95365 -1.89125 1.8946 2.44806 33.6391 -1.94419 0.782723 0.833178 -0.199897 0.431237 -0.747725 18.9463 -0.183877 0.149793 -1.61355 1.97199 -1.08755 4.59298 2.96731 -4.04208 -0.849001 0.981698 28.3776 0.0858758 -0.730951 -0.151608 0.347706 0.308845 35.5624 2.05655 -1.03805 1.72298 0.753128 1.03239 -29.8239 -0.335462 1.64448 1.16782 -1.74251 3.61914 -0.614083 1.05694
layer: 0 neuron: 29 -4.30756 -4.46684 3.53111 2.19853 -0.481133 4.13822 -1.12106 -8.74557 -4.16844 0.200063 -0.82627 2.01308 28.8254 -1.03103 43.1909 5.73675 -0.314188 2.0496 7.00803 1.07392 0.495352 -2.83197 32.4367 -1.05326 -3.58268 3.28672 2.00743 -0.245194 3.78411 17.5072 -1.85747 -1.15631 0.0562184 -0.693369 -3.47065 4.2876 -2.80097 -5.90169 -6.05791 4.20453 27.2099 2.7244 -1.81309 0.477762 0.468118 6.45159 34.3531 -0.667025 -1.19281 -1.79805 0.799487 -0.571907 -29.6677 -0.680232 5.23392 -0.269417 -0.239883 3.21083 -3.07328 -2.39655
layer: 0 neuron: 30 -3.80664 -5.73032 6.09216 0.101768 -1.46765 5.33031 -5.06198 -10.9198 -3.44363 0.554276 0.306701 5.49934 25.0329 1.7698 38.9876 2.53426 1.04453 -1.20409 3.26427 0.0623999 -1.76872 -2.2488 29.1138 0.893024 -5.54972 3.0125 -2.07168 0.0181191 9.85081 15.0846 -2.61117 -0.836487 0.7924 3.66707 -1.97429 0.541252 -4.39326 -5.28185 -3.2002 5.25252 23.9977 -1.18245 -0.589118 0.0329041 1.06452 3.11022 30.9263 1.94028 -1.2664 -4.30115 -0.647824 -0.595198 -25.7097 1.93443 -1.40768 -3.39375 -2.0543 -0.0381795 -2.02413 -3.3495
layer: 0 neuron: 31 -2.68064 -6.42971 5.47133 -0.074753 -2.29966 4.5296 -4.63267 -7.36134 -3.01524 2.09124 -1.99578 6.2153 25.5587 2.60969 39.6219 2.24409 1.74264 0.183447 3.06454 0.987173 -2.83894 -3.84993 29.7785 0.405262 -3.60291 2.03065 -3.17573 2.10939 7.99143 15.7014 -0.550209 -0.728047 -1.18249 4.75494 -1.53722 0.651125 -2.20797 -1.7263 -1.55058 4.60262 24.2097 -2.18281 -0.168948 2.32948 -0.237673 3.72817 31.6019 3.30658 -0.046509 -3.18039 -2.16829 -0.644945 -26.143 2.72205 -0.854242 -2.35404 -1.15606 2.8271 -1.61859 -1.9392
layer: 0 neuron: 32 -0.653978 -0.947038 -0.746604 0.275322 0.16182 -1.23904 -0.342028 4.85088 -3.67297 1.23533 -8.09096 -1.92665 24.1743 -0.0579253 38.7127 2.7866 0.381618 0.24212 0.727632 -0.0239751 1.32185 -2.30245 27.6163 -1.71297 1.0326 -1.16635 -1.6753 2.28464 -3.24469 13.4665 -0.94855 0.92198 -2.45938 2.39357 -3.04761 3.96307 0.648411 -2.01289 -3.42526 2.32857 21.3055 1.48861 -0.61488 -0.582283 -0.472881 -0.245965 29.5841 3.49869 -0.357156 -0.271847 -0.443569 -1.41095 -26.9254 -4.79317 1.56205 -1.29064 -0.547427 2.37442 -2.51587 1.40797
layer: 0 neuron: 33 -3.02417 -0.524952 -1.63717 3.92764 5.26286 1.13533 -1.37593 -1.47014 -2.38956 2.13964 2.53435 1.71257 26.0673 0.136716 39.0638 3.22019 1.24584 1.78847 -3.87729 -3.03068 3.92906 3.98909 28.2298 0.0453079 -3.18043 -0.629075 -1.40446 0.70516 -3.33841 13.5511 -2.23488 3.22151 1.48952 3.0806 -3.0631 2.86082 0.540842 1.06658 0.909854 1.32528 21.2941 4.19785 1.99919 -4.5768 1.35607 -1.93197 30.1302 -0.958473 0.275391 1.37643 1.37653 0.553464 -25.3419 -4.2019 2.25161 -1.96654 -5.25173 -1.06666 1.85256 1.45649
layer: 0 neuron: 34 -12.1255 0.316537 9.64603 16.4412 17.0544 1.37539 14.6835 4.32007 5.37895 1.08844 8.2509 5.89866 6.24299 0.371031 11.6077 -3.18617 6.78138 5.30395 -1.83514 0.269511 9.56182 12.2698 4.04836 7.98433 -4.58574 7.69157 11.0639 -1.85259 6.41017 -0.893356 -5.01823 12.0109 2.47127 6.56114 -8.84786 -2.42157 4.1044 12.0203 -10.164 -11.4123 1.10482 13.4534 6.48861 -14.4101 18.8147 24.0241 4.95393 -23.7498 2.46187 16.1037 1.83961 2.03405 -7.47166 -9.71172 -3.78346 -2.41443 4.88823 8.84726 1.93393 -4.04759
layer: 0 neuron: 35 -1.64667 1.49944 3.41872 1.65063 -14.3314 8.37126 1.03192 -13.0495 -1.0522 -8.76447 10.8306 -11.5286 -4.52798 9.04296 1.02576 -5.75309 -3.84495 -4.21146 -3.43015 7.26991 -8.63726 -1.67917 -5.06872 -4.41096 4.42153 -7.37794 6.64028 1.72265 8.7091 -13.0136 15.1038 -3.33746 -2.56243 -15.9778 -1.51052 -8.75141 -7.30762 -9.05893 -2.08392 12.4837 -4.32092 1.2019 -3.62631 9.89312 -3.94002 0.215209 -4.30231 0.366306 -0.231475 -0.225061 -1.38529 -1.78011 -0.311849 4.66068 -0.789357 7.52658 4.9975 -6.44474 -1.61709 -8.92232
layer: 0 neuron: 36 -6.93744 -4.57808 -5.85654 -7.67753 1.27843 -7.28897 1.99294 4.90908 2.79577 2.6105 -6.14375 1.57272 14.931 4.63623 18.3151 -2.62736 -2.66816 -3.77036 -6.79076 -1.20934 -1.68784 3.72411 14.5936 -0.3311 -1.35784 9.78557 -9.40029 -3.26451 -4.7648 1.97636 -0.0265214 -1.49817 -2.66862 1.29145 2.39409 8.0622 -2.77933 -5.62587 0.729406 4.0384 12.1547 -6.27576 0.372506 -0.576173 8.32266 -0.112162 15.1173 2.37968 1.22602 0.583285 -5.16426 -5.87626 -13.4104 2.74254 -10.1847 0.0269517 -1.75838 -0.803063 -1.32848 5.16806
layer: 0 neuron: 37 -3.70771 -2.66266 -4.03078 -12.6029 3.15672 -7.45984 4.44213 3.19109 6.79426 6.22382 -5.5845 6.45442 29.2572 3.49947 35.172 0.742363 -2.0956 -8.92065 -4.9035 -0.714432 -3.75417 6.92829 29.7702 1.70805 3.95027 11.5365 -4.8652 -1.01828 -4.63201 17.2558 4.01563 -0.410275 2.3342 6.05224 7.41165 8.92993 -1.28108 -4.49526 4.65427 -4.11239 26.4228 -3.3862 5.07589 1.03226 11.5288 -5.79143 30.6181 6.08351 1.72377 -5.17475 -3.93668 -2.8142 -21.0489 4.45036 -5.9384 1.8585 2.88664 -3.21021 0.473846 3.80861
layer: 0 neuron: 38 13.3258 -1.24277 -4.2304 -10.4111 -3.51197 -10.2509 -11.7378 3.98833 2.5806 9.12351 -4.13074 0.37908 3.29089 -5.21693 9.79261 3.5847 -2.95974 -5.67075 -0.712102 -3.39276 -3.96762 -4.21918 3.60871 6.57197 6.41812 8.80056 -8.84594 0.25811 0.306284 -1.71722 -4.47121 -2.01253 2.30436 11.4535 11.079 9.97628 -0.239279 -0.944958 3.12644 -17.982 2.87658 -13.002 -1.04997 5.76418 6.79659 -13.0362 4.13319 13.3938 -0.72494 -6.0858 -0.53604 4.44885 -9.53842 8.76918 10.1042 -1.99727 1.90823 0.86418 -0.947974 5.09261
layer: 0 neuron: 39 -1.71033 6.27637 0.602497 -4.08346 0.642825 1.48498 3.75146 6.8151 5.71548 -0.891578 4.28382 -6.56954 -5.81776 -3.15529 -1.39172 -0.747448 0.353745 -3.04844 -3.9494 9.6133 7.00924 -0.918205 -7.80384 7.82552 -3.82828 2.29805 5.12039 0.577174 1.85734 -9.80819 -3.14736 -0.267882 -4.96728 2.48951 4.38823 -0.915047 1.76345 3.9791 1.53201 -2.1459 -7.94347 1.71792 3.05662 2.09979 5.4825 0.54837 -7.34338 0.851922 0.696608 -1.8075 1.38122 3.45728 2.25001 2.36809 4.67182 -6.53194 2.03388 0.104162 2.8499 -1.03836
layer: 0 neuron: 40 -10.386 3.44585 0.332105 5.96902 12.0251 4.49978 9.20374 1.44582 4.27619 -4.80958 8.06898 -8.75002 9.88228 -6.51149 15.3182 5.38014 -0.106853 5.90024 0.221033 1.10393 6.07229 6.96452 7.37259 7.7926 -7.835 -0.203895 10.8713 0.407823 -6.87103 2.14568 -1.03961 9.55609 1.65203 -3.05459 -7.33697 0.80025 1.41279 8.91794 0.0917362 1.11481 4.97163 12.6499 3.826 -7.67295 12.8598 5.66225 8.73392 -6.95682 0.692415 6.58139 8.32399 -0.301663 -13.1428 -8.48721 5.47566 -1.6628 -0.55006 4.78637 -2.07203 -0.878815
layer: 0 neuron: 41 -13.4485 0.810499 -14.3461 15.3807 12.136 10.7645 0.475635 8.51854 -3.85165 4.00979 5.08335 2.27913 -29.0986 -3.61998 -43.8319 13.1916 1.50336 2.76935 -13.2321 -12.4916 12.9366 5.93608 -32.2893 -0.0141727 -2.59699 -5.07025 -1.11195 4.84505 -18.3183 -15.5739 0.869601 11.2137 5.08785 -0.0143692 -10.9688 12.5493 -0.931654 4.54572 9.21901 3.2421 -26.9686 14.2708 6.51257 -12.1948 4.05227 -5.35131 -34.3464 6.15439 3.12827 6.12983 6.07598 0.41744 32.4175 -13.721 17.2611 -3.12514 -10.8439 -3.40888 5.18214 -0.739121
layer: 0 neuron: 42 -7.12 -1.53241 6.80204 -5.08351 -1.08628 2.64679 -0.0401028 -16.0292 0.276121 0.895313 -5.29541 -2.79177 3.07236 -0.584442 -4.51391 9.13637 0.684108 5.54812 1.3111 7.83872 -0.071437 -1.81594 1.50781 -2.85394 -6.34342 9.70977 2.12844 0.689633 -6.10214 6.81533 -2.28324 2.9651 -2.09222 -2.38143 -1.55239 0.953729 -0.296299 -4.5813 -2.74578 18.8396 4.29339 2.1285 1.15795 -1.88764 0.874308 0.414651 0.411071 2.36514 -0.833465 -5.96738 -1.1929 -0.890068 -0.0991672 -3.19798 -7.24669 1.81107 -2.73863 2.77893 2.09298 -0.599353
layer: 0 neuron: 43 -3.14285 -7.71336 8.00128 -16.1453 0.524992 -0.87972 0.259653 8.88847 1.62132 7.40959 -7.27284 -8.66209 0.178082 -3.45377 -5.29594 4.20313 -2.1401 -3.92264 6.89079 11.0353 -2.40252 1.85026 1.86844 2.8101 -4.49339 2.10286 -2.82533 -1.78279 -0.805812 6.90124 -2.8642 4.73613 -20.495 8.22459 6.19005 -3.09121 0.628853 -1.1206 -3.31952 15.9832 6.22666 -6.40215 2.19112 9.55582 -1.05909 -1.60297 0.751585 5.9294 -0.81528 -5.22469 -2.2906 -2.43333 0.834915 11.8874 -17.7834 -7.61708 6.14164 3.51084 -1.69464 3.08153
layer: 0 neuron: 44 5.75813 -3.22998 7.79125 -12.772 0.530644 -4.62222 3.07361 7.32547 7.43557 0.128197 -1.25786 -7.93891 2.51656 -7.37244 -1.87224 -1.40216 -1.48466 2.98248 13.8583 0.846121 -0.0798914 3.10394 3.55014 -0.122252 -0.682403 0.768544 -1.13335 -3.73947 0.271261 7.05904 -5.81983 3.14228 -12.0728 3.13638 2.10986 -6.84603 7.19798 -8.00872 1.58746 -7.075 7.11869 -5.88245 -2.83545 7.53091 3.72943 -3.25134 2.5544 2.9603 -1.72021 -2.34743 -1.27657 -1.39562 -3.52339 2.91546 -7.40666 -3.27091 8.77614 4.98836 -3.4858 1.75797
layer: 0 neuron: 45 8.10825 0.245192 -0.271266 -5.03773 -6.07133 0.988172 0.187996 -1.13022 -5.73466 -2.60572 -2.64731 -7.97272 -18.0912 -1.09708 -22.6324 0.126801 -0.824039 4.67757 11.2881 -3.79103 -2.42319 2.28249 -15.9095 -6.41954 2.54954 7.39616 -2.99021 -2.44921 -3.33473 -12.2821 1.94064 -4.57279 0.0979065 -6.82332 -0.855756 3.94814 -3.28212 -6.21266 -5.17731 -1.61317 -10.1985 -3.7386 -5.11955 8.25926 -1.4793 12.9002 -17.2178 -1.14126 -2.16438 12.1183 -2.31438 -1.09198 19.8937 2.63849 7.76663 0.526528 -3.00917 6.03071 -2.59879 0.158472
layer: 0 neuron: 46 8.24006 -2.38866 -0.737563 4.05569 -0.713398 -0.933096 -10.6311 -1.24296 -16.1126 1.88343 -0.134827 -3.95953 -7.82222 5.75926 -9.36416 3.97206 3.60411 2.64013 2.0076 -11.6036 -1.39289 1.26344 -5.20488 -4.60713 4.31972 5.32078 -9.32125 -0.642145 -1.51184 -3.25786 5.17316 -4.51885 5.61813 -3.95749 -2.53601 7.66677 -5.45794 1.04199 -8.95967 -0.489311 -2.62763 1.34154 0.851944 3.29536 -8.37845 14.2695 -6.12576 -6.85553 -1.28342 15.1332 -0.924158 4.72383 8.70101 -6.21587 18.8894 3.2983 -14.6556 4.4069 -0.687109 0.521302
layer: 0 neuron: 47 -6.82018 -7.4809 7.70965 8.27973 2.55683 2.70391 -4.35094 -5.7442 -3.31518 -5.2747 3.82525 6.0516 -21.2403 1.61802 -31.6252 4.22558 1.44506 -6.34918 -2.11981 -1.214 -1.56688 2.34472 -21.7877 -1.47608 -3.8871 -4.47384 -3.15164 -0.803773 4.50292 -11.9118 -0.874939 -0.21786 2.11869 -4.20603 -7.71501 -4.53861 3.56289 1.56422 2.18666 3.93904 -19.874 2.32825 3.50901 -5.86626 -1.4136 3.38068 -22.9017 -4.32901 -1.36516 0.0122202 1.43701 2.52588 22.9238 -3.85751 3.80501 6.45646 -3.94396 -2.40211 -0.343462 -2.21346
layer: 0 neuron: 48 0.33256 0.560786 0.0234691 1.72709 0.340801 -0.185315 0.0356278 -0.254409 2.15622 0.704026 1.56077 0.382378 -29.2725 -0.539448 -45.6321 0.709043 0.107641 -1.4966 -0.80169 -0.37881 -0.833321 0.871446 -32.1167 0.269499 0.694938 1.94087 -0.059236 0.702301 -0.356538 -14.7417 2.23543 -0.206603 0.507919 -0.433436 0.619062 -0.231569 -0.790817 1.43797 1.70676 -0.0615608 -24.9776 -0.628579 2.14221 -0.521707 1.60668 0.252626 -34.4325 0.115242 0.832892 2.29681 -0.214315 0.682661 31.4907 0.153903 0.653562 0.499566 -0.980686 -0.700042 0.344223 -0.639584
layer: 0 neuron: 49 -0.0971409 0.131086 -0.406232 1.29738 -0.0889 -0.615015 -0.394073 -0.68411 1.72651 0.274325 1.13107 -0.0473228 -29.7022 -0.969149 -46.0618 0.279343 -0.322059 -1.92631 -1.23139 -0.808511 -1.26302 0.441745 -32.5464 -0.160201 0.265238 1.51117 -0.488937 0.272601 -0.786239 -15.1714 1.80573 -0.636303 0.0782186 -0.863136 0.189361 -0.66127 -1.22052 1.00827 1.27706 -0.491261 -25.4073 -1.05828 1.71251 -0.951407 1.17698 -0.177074 -34.8622 -0.314458 0.403192 1.86711 -0.644015 0.252961 31.061 -0.275798 0.223862 0.0698658 -1.41039 -1.12974 -0.0854777 -1.06929
layer: 0 neuron: 50 0.739524 0.967751 0.430433 2.13405 0.747765 0.221649 0.442592 0.152555 2.56318 1.11099 1.96774 0.789342 -28.8655 -0.132484 -45.2251 1.11601 0.514606 -1.08964 -0.394726 0.0281541 -0.426356 1.27841 -31.7098 0.676464 1.1019 2.34783 0.347728 1.10927 0.0504262 -14.3348 2.6424 0.200362 0.914884 -0.0264715 1.02603 0.175395 -0.383853 1.84493 2.11372 0.345404 -24.5707 -0.221615 2.54917 -0.114742 2.01364 0.659591 -34.0255 0.522206 1.23986 2.70377 0.19265 1.08963 31.8977 0.560867 1.06053 0.906531 -0.573722 -0.293078 0.751187 -0.23262
layer: 0 neuron: 51 0.131351 0.359578 -0.177739 1.52588 0.139592 -0.386523 -0.165581 -0.455618 1.95501 0.502817 1.35957 0.181169 -29.4737 -0.740657 -45.8333 0.507835 -0.0935671 -1.69781 -1.0029 -0.580019 -1.03453 0.670237 -32.3179 0.0682908 0.49373 1.73966 -0.260445 0.501093 -0.557747 -14.943 2.03422 -0.407811 0.306711 -0.634644 0.417853 -0.432778 -0.992026 1.23676 1.50555 -0.262769 -25.1788 -0.829788 1.941 -0.722915 1.40547 0.0514176 -34.6337 -0.0859664 0.631684 2.0956 -0.415523 0.481453 31.2895 -0.0473055 0.452354 0.298358 -1.18189 -0.901251 0.143014 -0.840793
layer: 0 neuron: 52 0.117068 0.345295 -0.192022 1.51159 0.125309 -0.400806 -0.179863 -0.469901 1.94072 0.488534 1.34528 0.166887 -29.488 -0.75494 -45.8475 0.493552 -0.10785 -1.7121 -1.01718 -0.594301 -1.04881 0.655955 -32.3322 0.0540082 0.479447 1.72538 -0.274727 0.48681 -0.572029 -14.9572 2.01994 -0.422094 0.292428 -0.648927 0.403571 -0.44706 -1.00631 1.22248 1.49127 -0.277052 -25.1931 -0.84407 1.92671 -0.737198 1.39119 0.037135 -34.648 -0.100249 0.617401 2.08131 -0.429806 0.46717 31.2753 -0.0615882 0.438071 0.284075 -1.19618 -0.915534 0.128732 -0.855076
layer: 0 neuron: 53 0.576189 0.804416 0.267098 1.97071 0.58443 0.0583144 0.279257 -0.0107801 2.39984 0.947655 1.8044 0.626007 -29.0288 -0.295819 -45.3884 0.952673 0.351271 -1.25298 -0.558061 -0.135181 -0.589691 1.11508 -31.8731 0.513129 0.938568 2.1845 0.184393 0.94593 -0.112909 -14.4981 2.47906 0.0370266 0.751549 -0.189807 0.862691 0.01206 -0.547188 1.6816 1.95039 0.182068 -24.734 -0.38495 2.38584 -0.278077 1.85031 0.496255 -34.1888 0.358871 1.07652 2.54044 0.0293147 0.926291 31.7344 0.397532 0.897191 0.743196 -0.737057 -0.456413 0.587852 -0.395955
layer: 0 neuron: 54 0.75048 0.978707 0.44139 2.14501 0.758721 0.232606 0.453548 0.163511 2.57414 1.12195 1.97869 0.800298 -28.8546 -0.121528 -45.2141 1.12696 0.525562 -1.07868 -0.383769 0.0391102 -0.4154 1.28937 -31.6988 0.68742 1.11286 2.35879 0.358684 1.12022 0.0613823 -14.3238 2.65335 0.211318 0.92584 -0.0155153 1.03698 0.186351 -0.372897 1.85589 2.12468 0.35636 -24.5597 -0.210659 2.56013 -0.103786 2.0246 0.670547 -34.0145 0.533163 1.25081 2.71473 0.203606 1.10058 31.9087 0.571823 1.07148 0.917487 -0.562766 -0.282122 0.762143 -0.221664
layer: 0 neuron: 55 -0.871691 -6.83328 0.186065 1.26533 3.51628 -0.765295 0.179686 2.02631 2.26689 -3.22994 -0.347245 4.76095 -21.2824 -0.0368637 -26.5542 -4.34741 -0.0580287 -4.94562 -1.76261 -2.5393 -0.0281728 -1.30186 -19.9413 3.73275 4.40987 2.13584 -2.83958 -1.51238 7.02641 -14.0245 1.24583 -2.74438 -1.73355 -2.46512 1.4363 -2.43654 3.84387 -1.95492 2.74592 -5.64674 -17.5961 -4.56177 3.6438 2.93492 -1.70281 1.4949 -21.2048 1.83858 0.400009 -3.00139 -3.21457 -1.7115 24.0209 -0.128327 3.02293 4.36775 7.91097 -0.761936 -1.07 -0.634134
layer: 0 neuron: 56 -5.28398 -2.38293 -1.1017 1.36885 -2.13652 5.53991 -4.31159 -4.97454 0.934914 1.90218 3.30466 12.865 -9.31994 11.5999 -16.8731 -3.15978 5.76029 2.20839 -7.64519 -4.19458 2.65791 -3.25376 -9.70987 2.31825 -1.07803 6.97641 2.33937 2.15565 6.32481 -2.12313 0.573184 2.5542 4.98914 1.44853 0.0120572 4.33184 -4.36235 -0.68478 -4.99597 -1.48795 -5.54262 -1.00569 -9.73694 -3.34451 2.84782 4.50397 -10.9122 3.95047 0.357872 -5.33606 -6.06502 1.64393 16.1221 -4.36367 -2.35285 -1.7289 -4.23255 6.02645 3.4818 -8.26828
layer: 0 neuron: 57 0.499179 0.281401 10.9459 -6.76572 0.605025 -0.477109 2.03756 -0.879388 -9.36375 -2.20712 -9.77271 -12.5385 -8.90892 5.83333 -16.8428 1.07569 3.65664 0.789163 6.06116 4.50696 3.435 -1.76699 -9.2271 4.08269 -3.14191 -3.16103 1.63697 2.05578 0.0174715 0.224592 -10.0897 6.89421 8.91713 7.92212 0.130355 2.71801 0.803892 -4.60357 -8.37701 2.10384 -8.14026 5.48837 -5.79316 7.11264 10.01 0.0943847 -10.6442 7.08966 -1.44137 -8.50027 4.54419 -2.73129 13.1745 -5.64177 -7.93558 -2.86084 6.53363 -5.5482 -6.32926 8.44551
layer: 0 neuron: 58 2.11565 1.6782 6.54041 0.442815 5.93779 -2.87435 5.18902 5.15406 -3.38293 -3.19642 -6.55301 -8.94189 -8.22586 -4.99325 -19.2751 -2.62765 -1.28419 5.70424 6.7582 7.90912 4.83839 -0.912079 -10.422 6.08159 -2.58014 -1.52421 2.35292 -0.27888 0.455516 2.12006 -10.5688 7.39941 6.39235 7.32541 -0.717334 -2.45793 3.07094 0.244666 -4.42138 -1.01941 -8.60049 6.04735 1.16942 1.57848 3.98343 4.64808 -12.0883 1.2438 1.45524 1.54923 5.75443 -4.40793 10.3647 -0.886781 -5.87513 -2.16754 11.2878 -2.95879 -6.53801 10.5397
layer: 0 neuron: 59 -7.57787 2.5693 -2.86748 3.65237 9.37162 2.97071 2.47573 5.01741 2.95331 -1.79722 5.77705 -5.32562 -13.1859 -7.15345 -26.7289 0.741634 -0.950293 12.8889 1.85279 0.856516 6.42024 8.30897 -16.3157 6.65883 -7.75257 -4.20535 4.61214 0.0221499 -3.3585 -3.14787 -7.0116 11.7538 -6.94663 9.51762 -3.5125 1.54483 4.39173 3.02273 2.11289 -0.376129 -12.0872 2.86458 3.89022 -2.8105 7.58641 -3.60202 -18.133 1.291 2.68898 4.7306 6.81443 -3.90383 14.2815 1.84561 2.42306 -9.92433 1.21252 6.15727 1.87492 6.58502
layer: 0 neuron: 60 -15.3612 -1.48728 -10.7254 5.71085 6.23408 0.99955 -2.4004 0.189198 8.21685 1.42088 8.27198 9.34334 -5.13167 2.05305 -17.8509 2.3772 2.56456 6.59547 -9.68368 -9.6091 5.30778 9.71188 -6.95235 2.22836 -5.0668 0.220351 2.16074 -0.684323 2.89629 0.104775 1.09958 10.2038 -12.3483 7.38862 -4.23855 5.31717 2.91649 -2.75493 3.32534 1.70926 -2.66033 -0.948064 2.97688 -9.82204 6.54922 -8.65284 -8.55246 -2.7129 0.626155 1.71268 2.24491 -2.31369 8.27033 -1.0552 1.63031 -2.62551 -9.5639 9.17445 8.79746 -2.74827
layer: 0 neuron: 61 0.370685 -4.65175 2.81454 -2.07376 -1.79673 -3.04054 3.92199 -7.02452 6.16528 -1.19338 -1.05637 6.75869 -10.7245 -0.165386 -19.1717 -1.35169 -1.76089 -3.65352 -0.6981 0.0368599 -4.37489 4.97179 -12.0425 -0.386556 0.712317 7.99488 -1.27387 0.0304898 3.2737 -3.77002 1.65121 2.53589 4.12057 -2.00169 0.16061 -1.55928 -2.23409 -3.13115 2.2286 -0.851966 -7.77445 -1.44795 4.70242 -2.0431 6.70395 3.56294 -13.1681 0.654163 -0.359265 2.22889 -5.41147 -2.83554 12.6889 0.17113 -8.68021 6.1552 0.407298 -1.44386 -3.11544 -2.24037
layer: 0 neuron: 62 0.362224 0.59045 0.0531331 1.75675 0.370465 -0.155651 0.0652918 -0.224745 2.18588 0.73369 1.59044 0.412042 -29.2428 -0.509784 -45.6024 0.738707 0.137305 -1.46694 -0.772026 -0.349146 -0.803657 0.90111 -32.0871 0.299163 0.724602 1.97053 -0.029572 0.731965 -0.326874 -14.7121 2.2651 -0.176939 0.537583 -0.403772 0.648726 -0.201905 -0.761153 1.46763 1.73642 -0.0318968 -24.948 -0.598915 2.17187 -0.492043 1.63634 0.28229 -34.4028 0.144906 0.862556 2.32647 -0.184651 0.712325 31.5204 0.183567 0.683226 0.52923 -0.951022 -0.670378 0.373887 -0.60992
layer: 1 neuron: 0 1.10718 0.329598 -2.18946 0.373601 -1.84502 1.83458 -0.058011 1.0408 -1.11409 0.0926977 0.103968 -0.133352 -2.47149 2.19578 -2.06934 0.437348 0.742392 -1.01908 0.272539 -0.590092 0.247209 1.78099 2.31713 0.376717 0.58005 0.972266 -0.446061 -1.01423 1.28399 0.766881 0.72299 0.598833 -0.0668053 -0.705187 0.938978 -2.24328 0.71569
layer: 1 neuron: 1 0.153061 1.09825 -0.280124 -1.01645 0.875839 -0.863761 -1.21896 0.808573 -3.11859 0.617573 -2.08492 -0.454164 -0.659846 1.15961 0.643145 0.840491 1.4939 -2.56404 2.27474 -1.24362 1.50282 0.0367128 -2.0411 -1.21414 -0.261404 1.44935 -0.765647 -1.78219 0.441192 0.679516 -0.434231 1.88627 -0.56199 0.865141 1.41062 1.43409 0.147038
layer: 1 neuron: 2 1.73058 0.624853 1.3863 1.2848 0.134877 0.207294 0.92907 0.681301 0.0378297 0.905598 1.27328 1.21362 -1.32174 0.983884 -1.40419 -0.231644 -0.323918 -1.66164 1.00507 -0.928989 -2.03948 -0.225957 1.58653 -3.12974 0.746056 -1.34729 1.79629 2.03115 -0.933269 1.61794 -3.51522 -1.0128 0.935955 -1.60137 0.691628 1.98744 0.877651
layer: 1 neuron: 3 1.34848 -0.325752 -3.70758 -1.11582 1.01527 -1.82039 1.1661 -3.86775 -0.129699 -1.47477 0.368107 -0.0459083 -0.162269 -0.66202 0.92469 1.45184 -0.0387811 -1.81114 0.910407 -0.509555 1.26188 1.02069 1.76146 1.1146 -0.713708 -1.40655 1.61999 -0.204474 1.81293 1.27414 0.27398 -0.510973 0.502772 0.396231 -0.213187 3.23541 0.107395
layer: 1 neuron: 4 1.65705 2.67127 -1.14314 -2.33769 1.72572 -1.59869 0.325427 -1.41469 1.15559 1.31676 -1.34963 -1.85304 1.56996 -1.17596 -1.13701 -0.614457 -1.00015 -1.60572 1.01305 1.31786 -0.425794 -0.995673 0.762582 0.196601 -0.587162 -0.323922 -0.0570778 1.10697 0.64391 -1.13935 1.38358 0.380447 -0.394669 -1.07134 0.654317 -0.752448 0.166662
layer: 1 neuron: 5 -0.584454 -1.55371 -1.71457 -0.858093 1.34705 -0.498526 1.17405 0.105174 1.37118 0.451802 -0.903449 0.749034 0.640494 -0.920952 1.19016 1.29513 0.762507 0.900808 -2.52753 -0.425557 1.48304 -0.939167 -0.370061 0.375541 0.803412 -0.132581 0.303272 0.737264 -0.333241 -0.388606 1.15851 -0.302966 1.32097 -2.71291 -1.82256 1.91839 0.203558
layer: 1 neuron: 6 2.85012 -1.52539 0.860275 0.202736 0.836103 -1.29482 0.719927 0.474192 2.24938 1.24221 0.0129479 -2.62723 1.6957 -2.39908 -0.0367554 0.0314075 0.151846 2.73486 -1.39676 1.45906 -2.21823 1.78171 -0.28075 -0.884312 2.12945 1.1528 -1.41574 -1.86917 -0.0632627 -1.1479 0.671636 2.89277 -2.40012 0.431865 0.37716 -1.46452 0.567553
layer: 1 neuron: 7 3.85426 -1.74887 0.433639 -1.29202 -0.509837 -0.259948 0.326311 -1.24962 -1.85005 -0.127316 -0.632437 -2.63996 1.82239 0.803873 3.00739 0.464801 -0.771731 0.256604 -0.0172465 -0.719491 1.01012 0.121145 2.05475 0.959462 -1.7208 0.501785 -3.53757 -2.03257 0.191942 1.9782 1.82811 1.58469 0.0824636 -0.213698 0.542583 -4.18487 0.195685
layer: 1 neuron: 8 0.502643 0.99366 2.38077 -3.04115 0.498922 -0.101772 -1.36004 0.88583 -1.44905 -0.258055 2.20093 -3.5399 1.14138 -0.604455 -0.952532 -0.177209 -0.744028 -2.09273 2.68038 1.09683 0.196324 -0.410341 -1.58299 2.02925 -1.00045 1.11371 2.85402 0.781488 -1.51446 -1.17577 -1.00594 0.8587 0.819974 1.11126 0.0458849 0.890366 0.21894
layer: 1 neuron: 9 -0.656839 0.255051 0.57411 1.08487 -2.11086 1.6262 -1.24664 -1.27022 0.281059 0.48674 -1.34214 0.305313 -1.15736 -0.490753 0.957423 0.26306 -1.63281 1.16607 1.04907 -0.207134 -0.806703 -1.10331 -0.208482 0.577376 -2.05015 0.90255 -2.01361 0.594581 5.07881 1.01789 -1.31633 -1.87868 1.47072 -1.04078 0.888102 -0.746488 0.722343
layer: 1 neuron: 10 -2.70347 1.72086 -0.623855 0.172812 1.38045 -1.8277 1.13826 -1.10339 -2.32556 -0.829105 0.839696 -0.566467 1.41361 -2.39452 -1.05826 -0.260071 0.823895 -0.528957 0.321469 0.97907 0.0334806 0.12859 -3.10761 2.26106 2.46178 -0.546354 3.29373 -0.0822311 1.0918 1.67472 -1.33011 -1.10376 1.87946 -0.163576 -2.38213 0.697187 0.103488
layer: 1 neuron: 11 -0.638581 -2.99609 2.33967 -2.27281 -1.2896 1.23221 0.096149 -2.15732 0.386328 -3.04899 0.571232 2.4386 0.251762 -0.462128 -0.539744 0.60128 1.27251 0.691864 1.53935 -1.32008 0.205501 -0.0566345 -2.14171 1.29612 -2.20703 0.24589 1.24489 1.78077 1.63064 -1.59388 -0.620713 -2.36234 -2.2345 1.4209 -0.717905 3.67578 0.953581
layer: 1 neuron: 12 4.83457 3.98074 4.76845 3.76142 3.60577 4.05902 3.19124 4.03637 4.16322 3.2967 4.20176 5.35802 4.30303 4.22976 3.1892 2.76545 3.53812 4.32824 4.81716 2.98661 3.83925 3.1187 4.17927 5.07381 3.59634 3.05414 4.01017 4.30227 5.13558 3.30721 4.18884 4.91755 3.97771 3.78396 4.47118 4.71158 0.920316
layer: 1 neuron: 13 -1.11779 -0.585662 0.890596 0.530347 0.194589 -0.513291 0.347534 1.25461 -2.11672 -1.77192 1.04786 1.40889 2.09132 0.718066 1.68169 1.82326 0.681627 -0.571118 0.3288 -0.103556 1.8317 0.611425 -1.22539 -1.32385 0.125937 -2.32492 0.63472 0.546792 -0.154022 0.635786 -0.639791 -2.90439 -1.13819 2.33013 -1.85546 0.277469 0.476577
layer: 1 neuron: 14 5.29004 4.34211 4.68726 4.22264 3.74521 4.66823 3.55028 4.4568 4.4872 3.74399 4.59562 5.68243 4.11141 4.97686 3.55818 3.06778 3.89179 4.58455 4.59346 3.23434 4.52169 3.42011 4.85382 5.06586 4.15383 3.35626 4.42983 4.65135 5.34515 3.51331 4.60941 4.73391 4.45079 4.1273 4.64622 4.8372 0.916379
layer: 1 neuron: 15 -0.334951 1.11944 -0.3071 1.36739 -0.870623 0.132367 -2.67648 0.715866 1.03323 0.142242 -1.08076 0.706603 -1.06327 -2.21547 -1.87688 -0.865138 -0.733088 0.572833 -2.77522 -0.397348 -1.53809 -0.732988 -0.0379433 -1.06144 -0.331181 -0.636905 0.446676 0.870144 1.02529 0.109833 -0.28359 -0.176093 1.89582 0.951896 1.00478 0.462211 0.337077
layer: 1 neuron: 16 0.376529 0.524825 -0.0507452 -0.215361 0.28099 -0.609969 0.46268 -0.175275 -0.602003 1.64688 1.34474 0.599233 1.15581 0.309436 -1.46239 0.797531 0.712774 -0.561529 -0.418495 0.212106 0.221507 -0.535824 -0.0681109 -0.456856 0.175248 -1.87365 0.345494 1.17809 1.27565 0.121306 -0.933698 -1.01732 1.34944 0.591581 -0.659013 0.406427 0.157018
layer: 1 neuron: 17 2.50867 -1.3458 -0.943335 0.678687 -1.86735 -1.0266 0.490909 -1.26137 2.35016 -1.17294 -2.24156 -0.191759 0.858756 2.77547 -1.75538 -1.37853 1.58083 -0.396034 -1.15708 1.27143 -1.63904 -0.194189 -2.4977 1.94225 2.65997 -0.70445 3.57787 -1.68853 0.247426 -0.110967 2.4856 -0.755549 -0.994055 -1.40773 -0.426784 0.597283 0.0440992
layer: 1 neuron: 18 2.48036 -1.55614 -0.868048 -1.58838 -1.16893 1.49684 1.09181 -0.591626 1.91617 1.75751 0.207073 2.19605 -1.46344 1.94351 -0.981693 0.225928 -0.436219 -0.425783 -0.635699 -1.42708 -1.0372 -0.552236 1.38819 -1.10148 1.91813 0.0718207 1.89992 -1.25248 -1.07681 0.311859 -1.35754 2.01306 -0.562861 -1.38534 -1.33755 -0.980816 0.0621967
layer: 1 neuron: 19 0.59552 0.543613 1.05634 0.357002 0.94554 -1.04646 -1.42318 0.00339815 -1.26191 0.389947 -1.85897 2.78231 -1.09556 0.716422 1.21709 -1.17233 -1.65679 -0.898544 0.54531 0.202507 -3.06383 0.188261 0.297514 -1.82176 0.804022 1.81853 -0.29896 1.47144 -2.09892 0.595858 -1.16663 0.825207 -0.670875 -2.72467 0.607297 1.6243 0.309275
layer: 1 neuron: 20 2.31915 -0.547388 -0.122922 -0.424037 2.21112 -1.80739 -1.33918 -0.076416 -1.02157 0.937384 -1.72421 -0.994432 2.43874 1.51129 0.316032 0.185196 0.395841 -1.30645 -1.23709 -0.205998 -0.518375 -1.65586 -0.91901 -1.80882 -0.69782 -0.2067 1.08344 -0.573582 0.0775049 0.348249 1.03025 -0.901578 -0.92491 -0.0625645 0.502537 1.30351 0.145878
layer: 1 neuron: 21 1.13371 2.23709 2.00081 0.573046 0.0932125 -0.931561 1.49362 -1.44884 0.633978 -0.970766 -0.229508 -1.62734 -1.15014 -2.41031 -0.468916 -1.02002 1.49686 -0.275044 0.55035 1.12491 -1.26662 0.254782 -0.983359 0.467195 1.31495 -0.485916 2.5902 -0.0715671 1.92375 -1.28953 0.972782 3.73349 0.228761 1.14697 -2.99542 -0.329345 0.956908
layer: 1 neuron: 22 4.93773 3.95239 4.95041 3.83715 3.40963 4.3191 3.20951 4.09444 4.37369 3.37827 4.17459 5.70605 4.09749 4.60885 3.47534 2.77384 3.53457 4.54925 4.25698 2.8762 4.19464 3.07847 4.50739 4.9876 3.81349 3.05405 4.02423 4.29217 5.28483 3.2162 4.19992 4.66628 4.09735 3.78266 4.34163 4.48026 0.898801
layer: 1 neuron: 23 1.14879 -0.123457 -0.38912 0.222167 0.333134 2.22511 0.503239 -0.841465 1.65861 -1.71686 -1.48447 -1.60837 1.73297 -0.832567 2.57333 -1.22783 -1.12304 -1.15024 1.21525 0.876897 0.953524 0.0334519 -1.27124 -2.12348 -1.30251 -0.668413 1.43779 0.496133 -1.207 -0.746868 1.00048 -0.0416572 0.0662225 -1.28177 0.232558 -1.60762 0.43614
layer: 1 neuron: 24 0.0996237 1.71605 -0.192274 -0.1467 -2.2358 1.1944 -0.627683 1.1649 -1.90273 -1.92352 0.121038 -2.53716 -0.977044 1.66202 -1.35115 -0.170234 0.712257 0.54822 -1.12054 0.934014 0.41858 -0.0474201 0.8312 0.242198 -0.0691577 0.734278 -1.227 -2.42611 1.52876 -0.204332 -0.311137 -1.56496 -2.21875 1.52644 2.25789 -0.50156 0.771508
layer: 1 neuron: 25 -0.304329 2.10931 0.739935 0.813913 -0.862962 0.0413496 -1.60213 -0.952675 3.30686 2.01467 0.324685 1.58225 -0.817371 -0.941117 -1.51463 -0.39214 -1.48472 -2.13226 2.48387 0.987418 -1.20649 0.16962 2.54652 0.83045 -0.981384 -0.0719262 0.141165 -1.70204 0.830194 -1.81341 -2.05061 -2.4807 2.22786 0.578804 -1.02698 -0.550496 0.313425
layer: 1 neuron: 26 1.47944 -0.300681 -1.74472 -1.9945 1.12199 -0.803557 -0.527536 1.67932 -0.119565 1.52995 0.464069 0.508846 0.292409 -1.14674 0.982982 0.66916 1.54521 -1.34788 0.979175 -0.33486 -1.01255 0.999764 -1.23579 -0.151769 2.03333 1.8695 0.466341 -0.365017 -0.577121 -0.84308 -2.04858 1.89651 -1.39959 -0.752384 -1.33402 2.08191 0.373211
layer: 1 neuron: 27 -0.725004 -0.990687 -0.755737 1.66628 0.5849 0.682585 0.547788 0.936052 0.0361454 0.184987 -0.756078 -0.345583 -0.804254 -1.45892 -0.114739 0.0338447 -0.237988 0.293943 -2.10837 1.40566 0.0548979 0.659818 -0.300861 -0.456912 0.52764 -0.22214 -0.820777 0.525297 0.0952896 -1.08814 1.06949 0.465939 -0.0570807 0.440656 1.08411 -0.546042 0.648366
layer: 1 neuron: 28 -0.736886 0.154866 1.98517 1.01946 -0.817312 0.182937 0.128407 -0.205385 -2.27324 0.554423 1.29973 3.1252 1.08408 1.1894 -1.46439 0.283249 0.486428 -1.77528 0.904692 -1.71694 1.88736 1.12892 -2.23016 -1.81747 -0.956075 0.272884 1.3485 1.00541 1.41854 4.32909 -4.7517 -3.33064 -3.85231 -3.00729 -6.42143 1.45875 0.425886
layer: 1 neuron: 29 4.55254 3.53648 4.26394 3.00597 3.0262 3.95837 2.34277 2.99447 3.599 3.34278 3.7488 4.51823 3.76481 3.88408 3.493 1.76378 3.09554 4.02155 4.32259 2.76268 3.96418 2.35944 4.02567 4.41941 3.32898 2.65614 3.9839 3.80532 4.52502 3.29953 4.04978 4.24809 4.09599 3.31668 4.8493 4.61601 0.885434
layer: 1 neuron: 30 -1.96842 0.827238 -1.56104 0.18755 0.762149 -0.444308 0.841677 0.605397 0.405934 -1.79314 0.787344 0.243456 -1.06558 -1.09206 0.883327 1.24579 0.287896 1.87846 1.96825 -0.649273 0.775376 -0.82804 1.23121 2.06836 1.71251 0.468114 -1.34133 1.49363 0.0996958 0.0320922 -1.31518 1.95025 1.26328 2.07804 -0.0167253 0.657186 0.827204
layer: 1 neuron: 31 1.84656 -1.5855 0.33278 -0.333168 -1.02055 0.0192336 0.637224 -1.47092 1.22982 -0.964427 -0.709613 -1.35629 0.549507 -1.93781 1.54719 -0.413834 -1.12306 -2.24829 0.0407958 0.276413 -0.588083 -0.0295736 -0.757432 -1.34771 0.886971 -0.735809 1.12215 -0.464708 0.655181 -1.64926 2.99028 1.74426 1.06935 -0.449759 -0.562702 0.0849277 0.450423
layer: 1 neuron: 32 -1.37152 -1.34208 -2.44904 -1.2602 -1.17552 2.17985 2.26371 -0.288321 1.55195 0.591673 -2.02962 1.02878 0.378369 -0.305279 -0.63836 0.707908 1.29294 -0.0403608 2.94639 -0.0368354 2.2833 1.47171 1.25033 -1.9783 -2.34263 -0.591892 -2.96872 -2.50687 2.15129 0.646203 -0.0962159 -1.30596 0.209009 -0.157792 1.59366 2.14233 0.506149
layer: 1 neuron: 33 0.385279 -0.713811 0.92694 0.349402 -1.98767 2.4308 0.852265 -2.16686 0.00139258 1.23205 -1.47842 -0.195063 1.1128 -0.450215 1.831 -0.807638 -1.45938 -1.78795 0.294736 0.745935 -0.0427466 1.24233 -2.28444 -0.409637 -1.02308 -1.34351 0.585666 0.452149 4.53185 -1.3939 -0.484708 0.862857 0.378839 -0.574782 1.59191 -0.297737 0.24958
layer: 1 neuron: 34 -1.05415 0.642316 0.91878 0.397926 -1.31401 0.865308 -0.752382 0.591244 -1.65113 1.40876 -0.371779 2.36008 -1.69263 2.25964 0.139023 0.806164 -0.581789 -0.257407 1.48849 0.401581 -0.191839 1.06278 -0.530352 -0.165546 -0.345335 -0.0830323 -0.315328 0.401789 0.488343 0.219864 -0.462472 -0.398697 -0.700874 -0.410165 -0.362841 -1.00244 0.726279
layer: 1 neuron: 35 1.23301 -0.290013 0.0225968 1.97123 -0.786377 1.18302 -1.84565 1.15814 1.4026 -0.510165 -2.50462 0.68323 0.106216 -0.705684 1.11702 0.864714 1.08488 -1.06118 -0.917139 0.768728 -1.21012 -1.45619 -1.11523 0.591257 -1.97584 -1.1048 -0.621491 -2.23491 3.02251 -0.799737 0.765948 0.84158 -0.232529 3.64936 0.358355 -0.275986 0.358318
layer: 1 neuron: 36 3.6425 -0.578788 0.106746 -1.35309 1.2685 0.0769487 -1.5325 -0.275859 -2.57404 -0.930902 0.414286 -2.21899 1.2958 2.10881 -1.66931 -0.193954 1.27561 0.00189213 -1.32945 0.797971 0.579888 0.500621 -1.30574 -0.746445 -0.0228849 0.0727717 2.56446 1.46945 -1.65169 -0.27504 1.5776 1.51094 -1.2874 1.2692 0.273012 0.364561 0.22663
layer: 1 neuron: 37 1.36918 -2.98124 -2.55179 -1.62232 -0.185217 -1.38064 0.491872 -3.87003 0.443973 -0.659183 0.228363 -0.832377 0.00827152 -1.39436 -0.00761508 0.00330017 0.292422 0.0380909 2.85045 -1.94117 -0.488026 -0.695332 -1.20139 0.697875 -0.607477 -0.14998 -0.684005 0.65376 0.348213 1.21828 1.30169 0.0479919 0.702187 -0.237066 1.09598 -3.7872 0.976409
layer: 1 neuron: 38 -2.25148 0.671125 -0.094493 -2.0009 0.599058 -0.350749 -0.976898 0.529065 -2.37547 -2.31779 1.9019 -3.30494 0.342867 -1.27703 -1.82832 0.0702622 0.255672 0.80532 0.148139 0.418834 1.1369 -0.0342834 0.542255 0.371179 -0.985773 -0.0651968 1.99282 2.97272 -0.811157 1.18819 1.8704 3.04975 0.32627 1.00793 0.594186 -0.17975 0.219031
layer: 1 neuron: 39 0.957256 0.55104 0.883937 2.41837 -0.0660419 -5.4955 -1.71924 1.20288 2.99488 0.316558 -0.640282 2.97518 -2.40491 1.5133 0.414455 -1.59192 -1.50007 0.983618 -2.88305 -2.15867 -0.152434 -1.59219 0.279726 -0.0921358 0.667848 1.60949 0.461649 0.321379 -3.30959 0.734577 0.749752 -1.5965 2.01455 -1.01555 -0.295358 1.8712 0.846828
layer: 1 neuron: 40 4.80844 3.90681 4.85098 3.79861 3.22531 4.2822 3.15858 4.13821 4.2483 3.32697 4.13437 5.28462 3.81161 4.17899 3.57319 2.37686 3.52497 4.26012 4.13989 2.82951 3.94296 2.9119 4.21724 5.3064 3.73293 3.02731 3.90693 3.52332 4.83639 3.13674 3.99473 4.29751 4.36228 3.75208 4.24113 4.42722 0.901669
layer: 1 neuron: 41 1.52754 0.578384 -1.5914 -0.428877 1.37901 -2.23442 -0.905048 0.163725 1.60352 1.50559 -1.80904 -0.0492307 1.98107 -1.08395 0.161047 0.417936 0.374528 0.110785 -1.29132 0.0144283 -1.70337 -1.84902 0.166968 -1.40281 1.09886 0.193675 -2.02351 -0.107791 2.24582 1.19406 -0.853691 -0.0964574 -1.45413 -1.60612 0.469559 1.04567 0.406446
layer: 1 neuron: 42 -2.31915 0.727567 -0.526324 -1.56275 -0.857085 -1.14245 0.495622 -0.67683 1.29882 1.12879 -0.149306 -1.76516 -1.01344 -1.08892 -0.136142 -0.399726 -0.287742 -0.722289 0.495022 1.18243 1.61382 -1.50654 1.29544 2.43326 0.564231 -1.06583 1.76055 2.01618 -0.617936 0.355244 -2.15721 1.77287 0.952946 1.1872 -0.112791 0.479843 0.932524
layer: 1 neuron: 43 -1.1013 0.455314 0.125616 1.9508 0.971579 1.82184 -0.188525 2.80293 -1.03698 0.798968 1.84004 1.02826 -0.811545 0.984185 -0.40308 0.160026 0.135601 1.07664 -2.42588 0.213612 -2.92181 -0.684838 0.0903862 0.729632 2.50472 -1.43282 -0.54434 2.16263 -0.0933232 -1.06537 -0.00598996 3.32328 -1.01661 -1.50318 -2.37725 -2.02186 0.588031
layer: 1 neuron: 44 0.571204 -0.672793 2.06123 1.134 -0.274774 1.15996 0.7437 0.277794 1.65134 0.603508 0.483094 -1.72204 0.341419 -3.56751 -0.722799 -0.579139 0.168987 -2.56457 0.607756 0.258755 -1.48911 -0.957312 -4.29519 -2.76478 0.719448 -2.11577 0.0866289 -2.55633 1.08335 0.106564 -2.25948 1.71658 -0.294254 1.85208 1.22341 0.693079 0.355449
layer: 1 neuron: 45 3.09459 -1.1988 -2.2831 -2.07408 1.81298 -1.55576 1.12252 -0.292868 2.2302 -0.18017 1.59499 2.0873 -1.64086 0.760708 0.183384 -0.892371 2.02251 -0.962721 0.527059 1.00318 -0.976606 -1.16727 1.6747 0.106483 1.13931 -1.76256 2.35427 -2.35285 -1.3099 -0.65781 -0.28504 -3.04487 -1.7086 -1.6258 -0.368008 -1.05401 0.0461745
layer: 1 neuron: 46 5.00087 3.99861 4.93911 3.86949 3.44954 4.37574 3.26145 4.19557 4.42701 3.41188 4.22694 5.70184 4.09093 4.66883 3.53167 2.80086 3.59507 4.57035 4.30175 2.92819 4.25974 3.13817 4.54989 5.03611 3.87201 3.08659 4.06017 4.35161 5.31398 3.23266 4.24295 4.69134 4.14164 3.81953 4.36424 4.54957 0.910428
layer: 1 neuron: 47 -2.13163 -1.07159 0.962427 0.90795 -1.21645 1.98573 -0.468433 1.73848 -0.769917 -1.41161 -2.14435 0.858828 0.355733 1.00119 0.799162 -0.762715 0.0712752 -1.52774 -2.41965 -0.852438 0.84054 -0.460871 0.925773 -0.759793 -1.02836 0.961134 0.487011 0.673619 -1.21858 -0.308979 1.43856 0.813326 2.72927 2.27736 0.91333 0.797765 0.261849
layer: 1 neuron: 48 -0.120268 -0.747541 -0.447481 -0.006157 0.0489047 -0.823267 -0.075397 -1.68706 0.559779 -0.494087 -0.348511 -1.51634 -0.136911 -0.933087 0.0561532 -0.0439842 -0.601244 -0.869595 -0.655427 0.459972 -0.48322 -0.615014 -0.65526 -0.148083 0.158486 -0.0783986 -0.0811138 0.126464 0.465967 -0.423586 -0.390019 -0.535811 -1.06589 -0.694465 -0.651976 -0.625361 0.615009
layer: 1 neuron: 49 1.74849 1.77972 -2.36288 -1.61107 -0.140606 -2.74459 1.35032 -1.45437 0.493828 -0.166746 -0.00156724 -1.30181 -2.25932 -0.927649 -1.4132 -1.56959 2.1169 -2.8182 1.17203 1.53279 0.114241 -0.685931 2.27273 3.66855 -0.0941565 -0.909027 1.22584 -2.77538 2.39412 -0.260062 -1.11381 -0.157622 1.70186 0.568052 -0.60141 -0.984358 0.113865
layer: 1 neuron: 50 0.5595 1.6502 -0.0630302 -0.375867 0.33377 -0.79627 -0.957528 0.0874131 -0.936136 -0.548266 -0.573692 -0.100685 0.982582 -0.50327 0.432352 0.202345 0.391951 -0.510363 -0.123281 -1.24028 0.92456 -0.174722 -2.86438 -1.44096 0.093029 -0.972997 0.908977 -0.476096 0.464907 1.14774 -1.13643 2.2303 0.443075 -1.25789 1.11077 0.323807 0.0999481
layer: 1 neuron: 51 1.31351 -0.588817 -1.23245 0.201101 0.275976 -0.216877 -1.34415 0.443658 -1.9104 0.854318 0.231741 1.16633 0.463265 0.17352 -1.04469 -0.481081 -0.105178 -0.423579 -0.636626 0.0435678 -0.296625 0.0845314 0.48228 0.803854 -0.227628 -0.538876 0.656465 0.86945 1.28161 0.217639 -1.12212 -0.797629 -0.596254 0.348803 -0.239485 -1.98392 0.720389
layer: 1 neuron: 52 -4.83337 -3.51587 -3.65273 -3.04703 -2.7094 -3.82195 -2.53824 -3.20998 -3.49462 -2.62064 -4.06741 -4.56227 -4.00629 -3.85945 -2.57442 -1.72695 -2.44022 -3.18212 -4.00341 -2.33321 -3.59023 -2.29927 -4.01215 -4.19905 -3.42099 -2.77904 -3.72032 -4.36522 -3.97466 -2.55768 -3.61721 -4.57632 -3.58502 -3.39756 -4.33356 -3.91528 0.542619
layer: 1 neuron: 53 -2.30875 -0.381866 1.13376 1.32237 0.145973 0.493542 0.28713 -0.998411 -0.205745 -1.03939 -0.221359 1.33255 -2.69083 1.46858 1.27253 -0.710873 -0.406953 -0.333289 0.565404 1.98447 -0.589348 1.10543 -2.11526 0.648893 0.642538 0.641267 1.135 0.342895 0.126666 0.0293545 0.868349 1.3469 -1.03285 -1.6383 -0.509824 -0.425792 0.267281
layer: 1 neuron: 54 -0.555252 -0.207686 -4.9206 3.15346 1.62379 3.351 0.337011 -1.94264 0.160045 0.375625 -2.19974 0.174324 0.290843 -0.477892 -1.51486 1.40888 0.80969 1.374 -1.16238 1.34035 0.651122 -1.15119 -0.141426 2.54923 0.182714 -1.36257 -1.20702 -0.0672803 2.81004 0.968572 1.35733 -0.749886 -0.468951 0.274527 -0.871671 -1.64985 0.294046
layer: 1 neuron: 55 -0.0942881 0.800015 0.103499 -0.413438 -1.92948 -0.924617 0.162508 1.09721 -0.882986 -1.31275 1.51622 -1.94487 -0.125363 0.768298 -2.25817 -0.843744 0.237196 0.588817 0.282504 0.00123507 0.726296 0.773364 0.573018 -0.549728 0.369758 -0.730823 -0.268869 -1.79786 -0.0990957 1.21126 0.309932 -1.61267 -4.1817 1.83579 1.11356 1.43653 0.786706
layer: 1 neuron: 56 1.15633 -0.65114 1.11151 -1.22416 -1.09323 2.16477 0.406934 0.00697654 -0.115301 0.824847 -0.179134 -0.359493 1.54774 1.08711 1.00495 0.931887 -1.42102 -0.795537 -0.286283 1.181 -1.96101 1.07503 0.406511 -2.06629 1.42907 1.91493 -1.57543 -1.38463 -2.22116 0.696589 0.0284066 -0.0441423 -2.48629 -2.51656 0.113576 -0.280489 0.563982
layer: 1 neuron: 57 3.89965 -0.755128 -0.693007 0.721335 -1.29132 -0.144545 -0.272628 -2.15751 2.20086 -0.698612 -1.22112 -1.68955 0.404648 2.86493 0.2884 -0.25688 0.168973 0.330759 -0.803193 0.409838 -0.582951 -0.606315 -2.12925 1.4723 1.12073 -0.358383 2.11649 -1.7949 0.431298 0.263152 2.62478 -2.19179 -0.852271 -0.488599 0.222233 -1.63321 0.0441603
layer: 1 neuron: 58 0.428679 -1.38373 -0.319581 0.57424 -0.133704 -0.209311 -0.133698 -1.34818 -1.23663 -0.443034 -1.28819 1.05727 -0.618114 -1.58644 -0.849516 -0.361662 -0.105249 0.795756 0.35215 0.419826 -0.339492 0.48287 -2.14895 2.16948 -0.577537 -0.618172 -0.767124 -0.00932828 0.412054 -1.81882 1.02285 -0.448362 0.137808 -0.0510808 -1.97209 0.762622 0.934477
layer: 1 neuron: 59 2.08668 -0.98902 0.620439 0.478501 -0.633542 0.731476 -0.0216751 -0.702674 1.30011 -1.38812 -1.05934 -1.39264 -0.0357267 1.05794 0.673131 -1.14181 -0.312239 -2.087 1.13892 0.257958 -1.44821 0.722263 -0.873838 -1.55669 -0.0613686 -1.09718 0.18193 -0.267514 0.216837 0.99476 2.17638 2.51332 -1.14358 0.479435 1.77009 -0.584334 0.469893
layer: 1 neuron: 60 -5.05523 -4.1079 -4.49216 -3.87207 -3.78371 -4.45573 -3.40467 -4.02095 -4.23948 -3.3947 -4.3288 -5.16859 -4.00917 -4.7301 -3.32544 -2.70379 -3.64765 -4.22583 -4.55794 -3.10462 -4.30787 -3.17304 -4.54244 -4.4671 -3.90304 -3.01177 -4.08747 -4.40573 -4.94662 -3.32525 -4.29394 -4.74424 -4.43176 -3.7945 -4.52366 -4.85603 0.148381
