topology: 62 60 37
layer: 0 neuron: 0 -7.53487 8.51928 -7.28119 17.6866 9.70477 -3.68696 -1.94121 -0.428301 -12.3841 6.15906 -0.56873 5.90881 5.32579 1.73537 11.3137 10.8278 -2.02201 -12.2309 6.68775 3.08749 -3.25106 -10.0497 5.35343 4.33184 4.34628 -9.95397 -8.28839 -1.42454 7.4951 6.2541 5.17786 -7.69915 0.0190137 11.3752 12.6459 1.0881 -22.6176 8.42361 7.21783 4.66971 6.21986 8.66834 2.10845 -6.63894 -0.990773 26.8074 3.94607 -8.74406 -2.07933 6.59132 -7.0288 16.5934 -5.33809 0.364382 2.87135 6.42521 6.31454 3.40979 5.18177 0.0187007
layer: 0 neuron: 1 2.31091 10.2812 8.41353 9.54743 -1.91216 -3.09345 -5.66117 23.7333 -12.833 7.47135 -1.266 -2.73894 5.22991 0.0209384 18.4569 -7.56022 -13.824 -1.97644 6.85817 11.7928 10.8911 2.91398 5.45077 0.484733 4.45898 1.58585 13.4556 9.46634 -0.996972 7.78036 -2.55337 14.7537 -2.41731 1.55725 3.37181 6.58708 -5.72834 4.7455 7.1901 -10.2286 -5.64051 -6.51631 -3.59668 7.57176 -1.29599 12.2085 -3.92585 1.34841 -4.89044 -2.15845 -10.935 -4.11646 -7.64896 -16.9511 -9.0716 8.22651 10.8363 -1.91818 7.81984 -16.27
layer: 0 neuron: 2 3.14372 9.97838 11.6214 7.53731 1.43602 -1.09796 -2.18348 17.9016 -5.32496 12.0944 -5.88581 4.15892 10.6216 -3.21873 8.68117 -7.70062 -11.631 -3.9098 8.28671 -4.82832 -3.2183 -2.92412 10.9545 -14.1883 14.9246 9.4093 13.9308 0.0601396 -1.95417 12.6894 4.25838 9.18902 -0.267724 -4.9752 4.44319 1.98548 4.51473 -8.10924 4.47944 -1.44607 -3.61938 -0.211391 -15.3355 -1.87889 1.3009 7.40457 -7.89375 -0.197984 -4.89725 0.0650935 2.66083 -3.3144 -1.73818 -7.9754 -9.04407 13.1264 9.43523 2.26926 7.32639 -4.24897
layer: 0 neuron: 3 5.00252 -2.87531 8.83514 -1.24427 -4.21727 -5.34004 3.33566 -2.64467 12.7679 -0.682994 -2.20169 -0.426657 0.000253206 -8.98329 -3.5384 -7.83702 -5.20287 -1.03083 -3.40514 -4.35079 5.90182 -8.34226 0.263773 -21.0983 8.56194 12.9482 8.47719 -12.3709 21.8092 -0.136797 15.0227 0.960928 -2.94622 -3.46796 1.20887 -1.19706 13.6971 -3.55954 -7.43298 -9.96402 0.432449 7.39895 -9.0674 10.4353 -0.00429243 -8.48614 -7.35162 11.8682 3.26139 15.6377 10.9275 -5.81179 0.566261 5.40048 6.68505 0.129938 -3.91762 7.79034 0.528224 5.52656
layer: 0 neuron: 4 -1.63713 -12.7368 2.10247 -18.5731 -3.34685 -0.0979002 7.43847 -30.4835 1.12756 -10.7584 -0.410303 -5.53736 -9.84754 -6.60865 -7.39148 13.9643 8.93234 -0.550274 -9.65582 11.07 11.2715 -2.54526 -9.7067 0.68464 -8.19349 -1.04223 -7.73544 3.68202 24.1947 -10.471 -1.51043 -9.39794 4.7046 -0.149218 -7.14066 4.78527 2.87684 6.12594 -11.3146 -6.42028 10.6188 4.17521 1.56099 1.17885 5.45871 -2.41175 14.2014 6.05295 -3.09903 23.5799 5.15528 1.76001 8.95399 11.7125 24.0966 -10.6139 -10.1961 -2.80188 1.17358 9.20918
layer: 0 neuron: 5 -3.73721 -0.534973 -11.2935 -8.62582 2.55793 -1.34119 -3.6261 -3.2151 -8.15833 2.89014 7.94521 8.43186 2.99417 4.93606 -5.40949 8.80972 7.35894 7.13306 -0.485259 -5.98789 -9.35647 11.5676 3.24022 5.74038 5.47005 1.71961 -3.0098 5.72334 2.69643 3.59558 -8.31484 -11.1325 -5.60277 -3.38583 -12.7824 -3.44425 -4.01131 5.63429 -1.9113 9.80252 4.04698 -11.521 6.15848 -11.1432 4.46316 9.44649 5.57126 -0.928473 -19.1934 13.0856 -5.64303 -10.5361 4.54228 -3.08425 10.3893 3.91481 3.92104 0.30527 3.28694 2.54309
layer: 0 neuron: 6 5.00438 2.97936 -4.34827 -5.43015 -0.344933 -11.6758 -8.26311 -11.8852 3.11607 9.66201 -4.64539 -0.311158 10.1843 4.14225 -8.46979 -9.62921 8.5359 17.868 3.99576 -11.2041 -15.4946 8.63919 9.93997 14.9681 3.80091 2.68763 4.69084 -2.8758 -17.6438 9.38343 -11.8971 4.75967 -3.40494 0.538052 1.482 -9.03475 9.89545 4.89593 8.31538 26.108 -7.54886 -10.4241 6.00175 -8.16331 -2.18315 -13.805 -9.86507 6.76207 -2.16212 -12.9205 11.8563 -2.14254 -0.381875 10.8743 -9.64048 9.80313 3.41182 11.6624 -7.49933 3.51518
layer: 0 neuron: 7 -1.34303 13.4781 -3.67708 15.0958 0.811065 3.32869 -0.497878 0.734669 3.73258 19.752 0.690513 -0.468342 19.5482 2.79165 -5.77673 -1.43994 -0.862368 1.32458 17.2649 -6.83097 -3.22525 3.5126 19.9231 -4.19615 0.696069 3.48026 6.05809 -2.42949 -2.24909 20.6495 1.20506 4.86762 3.38347 -7.29693 5.67119 -4.98875 14.2688 0.372254 1.01526 -2.02316 -15.0933 -6.13564 6.41081 -0.484767 -0.844467 -9.02037 -2.82819 0.0499907 2.54158 -9.78169 3.19604 1.79235 2.44859 2.99603 -6.8757 20.8914 12.6958 3.26251 -4.08885 2.13115
layer: 0 neuron: 8 -6.28652 3.30609 -1.76475 11.9801 5.27496 0.676414 -1.30935 0.162252 10.0547 1.88928 -1.93714 -10.5067 2.24104 -0.215535 0.667811 3.02312 3.10989 4.27359 5.15142 12.7501 -4.11152 6.38574 2.5302 12.0338 -1.74621 8.38578 -6.87511 -0.384671 2.57328 2.79322 -2.66024 10.4253 1.42809 -3.25178 3.76877 1.44446 6.31381 18.0053 1.80866 0.792388 0.0366489 -2.99765 14.2269 9.71765 7.06999 -8.94317 1.78488 0.754281 -4.78261 0.732839 2.11522 -0.936362 0.116636 7.46152 -0.724963 2.84268 3.17297 5.34766 -9.36016 7.95344
layer: 0 neuron: 9 -4.15746 -0.55111 2.71041 6.30717 3.74939 -8.03523 4.56685 14.3421 4.99609 2.20505 -10.0794 1.74864 3.36531 3.28033 -3.98024 -2.19521 -6.12038 0.465913 4.45378 11.246 -5.09279 -4.77622 3.38876 6.85893 -3.09053 -4.57343 -5.84325 0.204107 0.501582 2.1798 2.32524 -0.7215 7.1671 7.09382 2.41542 -4.95247 -2.24388 -6.59162 1.87891 0.738234 12.6913 6.74582 -3.61548 -3.90637 1.45394 -5.69286 0.914913 3.67015 3.19796 -7.30524 4.77977 -9.09743 4.81384 -7.63961 -3.66832 2.05567 2.58235 3.90093 0.58103 4.99467
layer: 0 neuron: 10 -1.56176 1.11608 6.07889 3.37649 3.13725 -2.80159 2.37033 -0.793187 8.22088 5.13715 -12.9305 -6.49883 4.414 -5.01463 -0.121404 -0.0847746 -2.60866 1.73434 3.93468 4.15705 -9.22474 -9.12836 4.08292 0.965409 -0.23487 -2.66989 -6.37372 -1.49315 -0.189029 4.27098 4.1021 4.38848 10.3799 -0.67389 6.17515 6.30107 -2.92422 5.42038 2.75627 6.59605 10.3182 2.76481 -6.27105 2.34222 0.861585 -3.32666 4.42755 0.841074 -11.4427 2.8125 11.4212 -0.67855 1.838 1.88258 -3.50716 4.07563 3.65782 5.45248 -3.07873 6.92474
layer: 0 neuron: 11 -0.484589 19.8413 2.27143 -9.16065 9.45256 7.21979 1.73189 -1.0028 -5.98167 21.8452 -0.356128 -4.56763 19.8373 -8.68421 -3.2804 7.23916 -1.41247 -3.91749 14.2861 -16.3584 4.73616 -10.8461 20.231 -9.86248 12.6356 2.23436 -1.52792 -5.99418 -4.36608 22.8761 -7.59891 2.13409 1.69958 -12.055 1.70638 6.03821 3.80916 -4.06469 1.68629 1.72749 -7.79813 4.45974 -14.3314 0.878951 3.18252 9.36757 -3.96873 -3.16574 -14.7624 2.17438 0.374966 3.20428 3.77611 -0.577099 4.43272 23.4333 14.171 -6.47429 5.0509 -0.559528
layer: 0 neuron: 12 -4.45978 5.29216 9.5466 -1.88578 0.527976 2.55196 4.79312 12.8075 -3.10777 4.13732 -0.245014 -5.73134 3.61214 -7.02561 3.6359 -1.80274 -4.1714 -5.39393 1.10715 2.74247 0.0583576 3.70692 4.0033 -0.879262 8.00228 3.88107 -4.99836 -7.92903 6.90981 5.08107 -1.50041 -0.452092 -0.827726 -7.80007 -1.78958 -4.34477 2.65437 7.19004 -0.597306 1.60298 -7.47683 -1.81105 -4.12717 -2.98013 5.44042 6.35834 -5.18453 0.846963 -0.452699 6.31282 0.0323773 4.43924 0.986355 0.726966 8.2107 5.42488 3.08294 -6.32158 2.08396 -0.55033
layer: 0 neuron: 13 -12.2835 -3.15471 9.18833 3.37035 -12.1111 -10.5762 -2.54246 0.444567 0.145216 -3.05841 -12.3275 -10.1994 -2.03314 2.47066 14.74 -1.38771 -5.16879 6.09238 -0.878187 26.6746 -14.322 17.2248 -1.65161 23.5211 2.28837 4.66784 -2.20105 -0.512612 18.4669 -2.15036 6.37162 -5.76051 -3.51797 6.36016 0.337305 -11.4698 -5.69947 16.6263 1.91859 4.89977 3.05797 -12.7004 10.0375 -1.15 3.77554 -3.20709 6.36051 -5.3523 2.41347 6.70862 5.61425 5.17939 -4.0268 11.1818 1.01807 -2.03427 1.59438 11.6774 -3.46677 2.87989
layer: 0 neuron: 14 0.946233 -3.09145 -0.865912 -12.4006 -8.82107 -6.90715 -7.60785 -12.1183 -0.961249 -7.20519 -4.80714 4.85425 -5.93498 1.03159 -1.15732 -5.37508 -1.68193 4.40519 -6.11965 5.14398 -4.06627 0.742256 -5.77738 20.0287 0.260898 1.89706 4.16987 -2.87238 8.4389 -6.67071 -3.2849 -4.80393 -4.88081 8.86181 -1.12351 -5.60552 -4.11557 6.16742 2.7226 8.29593 3.46348 -8.64526 2.78098 -1.70797 -3.03959 3.37784 1.01677 -3.31993 2.8678 1.9834 -2.40505 -1.81038 -4.81348 2.79567 3.55502 -6.44437 -3.63212 8.59658 -1.85363 -2.46399
layer: 0 neuron: 15 7.16889 11.7328 -7.03109 -4.72023 4.18517 -2.74305 -8.41152 -20.3995 -3.04837 8.86997 1.95945 7.91118 8.51508 -1.43371 -7.21128 5.1146 6.79378 0.279043 7.35635 -7.6459 6.87195 -4.71758 8.80535 6.04613 -2.16823 3.602 4.30265 0.880452 2.57555 9.78187 -7.61456 -1.01378 -7.51483 2.73242 4.64884 1.37114 -0.442821 7.46639 0.308194 4.77632 3.78387 0.780374 1.27637 -0.37297 -0.0888677 7.35213 -1.23344 1.32527 -11.0731 5.96787 0.428004 -2.11204 1.34505 2.32242 3.54252 10.2826 8.50105 5.31129 -0.549319 1.78298
layer: 0 neuron: 16 -1.19736 -1.90268 -6.21505 18.969 -1.07577 -3.7461 -10.1345 -15.8577 -4.35272 -1.48137 7.12646 2.49767 -2.21274 1.38656 1.4124 3.13628 4.28176 -0.142564 -0.505651 0.294565 4.2209 3.56588 -1.931 -10.9839 -1.21158 5.38166 5.08172 1.95497 1.8739 -0.857664 0.185065 0.594693 -12.069 2.12587 6.39147 -1.17073 -0.728942 1.85366 -4.42015 -3.96404 -6.60294 -0.980838 11.5271 -0.350238 5.7658 4.96134 3.45372 4.27811 -1.39145 5.5567 -1.80129 0.764083 3.01148 6.62256 2.79367 -0.66843 -2.75453 3.59862 -2.26513 -0.76726
layer: 0 neuron: 17 -6.54238 -2.42806 -7.09399 10.3233 1.29946 -5.00488 0.193028 1.68711 -4.99557 1.6106 6.07547 3.50507 1.33019 5.5089 1.2817 4.63598 1.09058 0.329838 -1.01233 1.46408 1.73977 5.97066 2.06784 -5.66988 2.06371 3.08085 0.299179 1.87755 0.388947 3.22762 0.321119 -2.76854 0.791973 -3.51774 -3.18001 -4.14435 2.79667 -7.27107 -1.96108 -1.99172 -4.79158 -1.36918 6.5185 0.55678 6.22065 0.417635 0.685785 1.84893 2.98022 -2.38677 -3.13017 -4.42259 3.12312 -2.62909 1.67101 3.55468 -2.36148 -3.12801 3.51182 -0.983686
layer: 0 neuron: 18 -3.71906 0.161621 -2.08088 -4.29956 3.29163 -0.843439 3.90281 0.291524 4.81521 -1.62216 -4.16735 0.585585 -0.845341 0.427492 -4.34616 1.23273 1.62455 -1.4974 -1.08413 -0.918538 -2.40024 0.0838445 -0.786905 6.86202 -0.613303 -1.31466 -10.5081 -3.4368 1.42018 -1.42902 0.319413 -2.72657 1.30538 4.26682 -3.4457 -4.97296 -2.491 -0.786454 0.667148 2.23444 7.38184 5.96684 -2.51153 -2.31254 1.7312 1.3326 -1.9191 1.29893 0.981676 -0.912465 3.07497 0.88296 2.31661 2.3849 0.116005 -1.51245 -1.10619 1.10011 1.52159 6.18377
layer: 0 neuron: 19 5.28386 -4.91651 6.88665 -2.86424 0.682944 10.2857 1.65553 0.649368 4.43397 -7.5831 0.530329 -2.19623 -7.78789 -6.88329 1.53759 -3.42241 5.3454 -4.56278 -8.57 -12.9884 -1.28756 -6.80272 -8.42961 -3.8247 -5.24715 -7.28163 -5.62782 -4.91026 -4.72756 -9.13434 0.105554 4.43773 4.73286 2.83382 -1.75548 6.83268 -1.88671 6.8415 -1.41534 1.7387 -2.09836 10.2151 -7.61276 4.65524 -2.92252 -2.7748 -4.04489 -0.268706 5.16026 8.55669 -0.428093 7.5787 -3.39976 5.80638 3.29361 -9.44422 -7.48793 -9.47809 -2.85487 -1.96716
layer: 0 neuron: 20 7.21964 4.27204 3.71392 -6.19984 -6.5793 4.00251 -2.67418 -7.97702 15.1331 18.7548 6.93457 1.6908 18.2321 1.38365 -8.0839 -12.1237 3.78251 6.39821 11.785 -5.11828 -1.34091 2.86404 17.9151 -11.7109 -3.44632 0.927696 3.84067 -4.21093 2.52213 17.9909 9.92687 -2.90755 16.7953 -2.82491 -6.57621 8.31527 9.05043 2.7447 -2.29051 3.05438 2.00183 -7.82438 2.69083 9.64763 -2.47679 -13.8771 9.19751 -1.01648 3.06514 2.27518 -3.17732 -9.60999 -0.146288 0.867865 -2.8126 18.1482 15.3992 -1.97587 -4.8676 -10.2008
layer: 0 neuron: 21 -0.558444 15.8961 0.627469 4.03845 -1.77312 -1.54655 -3.62776 -2.02308 3.16804 28.3077 -1.20377 -1.08052 26.0204 -2.60153 2.35078 -2.17623 -0.26524 -2.11344 16.8706 -0.842579 -0.657248 -3.26031 26.0491 -3.23648 -1.58666 -0.0941262 -0.310148 -0.248639 0.162526 28.3675 3.28437 0.194473 -0.28801 0.485714 -0.937061 3.42813 -3.46831 5.01175 1.04854 -0.837015 0.855569 -1.20847 1.22962 6.76858 -1.14568 2.53907 1.53181 -4.60509 -3.2968 0.912529 -2.90478 1.7063 -4.7821 -2.97148 -6.43038 29.0393 21.6296 -1.38952 -1.55133 -3.27328
layer: 0 neuron: 22 -1.53072 13.8826 -2.19992 2.31843 0.489358 -1.50913 -2.85969 -5.80645 1.32816 26.7279 -0.88867 -0.0642692 24.5556 -1.8629 -3.784 0.931743 1.84915 0.859737 15.1782 -3.75814 -2.39073 -2.93764 24.6285 -3.08114 -0.310903 -0.939105 -2.78962 -0.707547 -2.50853 26.9885 0.824595 -1.12543 -1.1449 1.82687 -1.71291 0.860347 -2.78409 2.38124 1.3439 1.14115 2.08158 0.546534 0.425379 2.922 -0.27894 3.1681 0.406396 -0.064741 -3.37619 -1.77134 0.026752 2.81488 -1.2506 -0.393964 -2.15423 27.7658 18.2967 -0.030177 0.61777 0.0880881
layer: 0 neuron: 23 -0.346748 15.242 -2.00661 4.60138 1.58895 -0.88579 -1.38896 0.691306 1.30674 27.3741 -0.0363672 1.52033 25.2893 -0.862759 -3.05029 -0.373855 -0.0444213 0.520493 15.6566 -6.07684 -0.336334 -2.1894 25.3969 -3.43783 2.84484 2.70357 1.28255 -0.623466 -4.11176 27.7502 1.08454 2.61659 -1.26351 0.902167 -0.432551 0.154767 0.857498 -1.0115 2.76029 0.223334 -1.89079 2.30872 -0.568737 2.95741 -0.538611 2.55342 -2.34148 1.52923 -0.770447 -4.15437 0.272666 3.05756 -1.271 -0.582479 -4.45468 28.6012 18.3367 1.04642 1.13055 0.124829
layer: 0 neuron: 24 -1.42446 17.2192 -1.67337 2.29696 1.0234 -2.63513 0.50824 -1.08353 1.5084 29.4808 -0.34445 0.579767 27.377 -2.5844 -1.12678 0.774609 1.62906 -2.52563 17.3662 -2.84183 0.854037 -1.65064 27.4987 -0.474799 0.210588 1.78642 -1.51115 -0.190156 -1.79997 29.9073 0.267631 0.328805 -2.48877 1.53261 -1.15885 0.270776 -1.48352 0.709875 1.11409 0.9709 0.236093 4.16411 0.711599 1.30833 -0.222169 2.1071 -1.06604 -0.26708 -0.113437 -0.789491 -0.276248 2.03936 -0.91796 -0.821143 -3.13705 30.7598 20.4586 -0.719952 -0.546433 2.17367
layer: 0 neuron: 25 -1.35349 16.0959 -0.662422 2.35219 -0.687945 -1.35635 -0.842852 -1.68764 1.93296 28.0103 -1.27462 0.669479 25.9792 -2.54838 -1.02963 -0.69631 0.317551 -2.91438 16.171 -1.36366 1.11274 -1.41591 26.1396 0.493368 -2.59326 -0.690798 -1.77754 -0.125246 0.125125 28.4684 0.9988 -0.198235 -1.79679 2.42927 -1.11999 0.110635 -2.50656 1.68269 0.264653 -1.36876 1.16175 2.47926 0.62123 2.45674 -1.06769 1.22189 -0.164293 -1.99373 0.601832 0.0881308 -1.50876 1.80859 -1.58552 -1.10745 -3.09988 29.2864 20.0131 -1.38775 -1.09241 -0.0717678
layer: 0 neuron: 26 0.26187 15.537 -0.363007 1.7462 0.901309 0.557122 0.274403 -0.130404 1.48001 28.1313 0.884348 0.999787 26.128 -0.115326 -0.826504 1.06873 1.51222 -0.499662 17.0099 -1.16892 0.799857 -0.0947211 26.3308 0.773201 -1.31215 -0.691951 -0.86195 1.065 -0.414178 28.698 0.755761 -0.228397 0.736859 1.69027 -0.262533 1.25731 -0.104712 2.01871 1.12117 -0.243464 0.672234 1.96552 0.996052 1.60779 -0.0855521 -0.153985 0.719124 -0.979993 1.13717 -0.807598 -0.855221 1.13796 0.140045 -0.836542 -1.76048 29.4992 19.9895 -0.635327 0.0811186 0.438131
layer: 0 neuron: 27 2.46909 13.7209 0.520796 2.89395 0.821938 4.02754 0.66063 -1.04127 -0.846369 23.8305 4.8187 1.03525 22.2019 -2.14695 4.4387 1.99978 0.209032 -2.29621 13.3115 -8.87442 5.63066 1.43515 22.4674 -11.5123 1.54139 2.49803 7.29764 -1.73625 2.94062 24.4569 1.12699 5.36463 -0.603718 -5.97993 0.963461 2.93262 9.34715 -2.75874 -2.35215 -7.06736 -9.57822 1.38863 -1.10715 2.24323 -4.97299 -4.64479 -4.16137 -1.07172 0.693967 4.25461 -1.41382 2.83908 -1.77075 2.95517 -2.23706 25.1811 15.8651 -3.27953 2.55187 -1.32007
layer: 0 neuron: 28 1.95573 15.5576 1.13237 4.85391 2.10111 1.61626 -2.32475 0.487344 1.46891 26.4912 2.71796 1.297 24.5478 0.710646 2.81671 0.927939 0.413119 0.683482 16.7243 -1.49348 1.4487 -0.398607 24.6036 0.356436 1.82676 -0.182274 0.801142 0.789461 -1.11871 26.7352 0.721641 1.31367 2.76638 1.66479 2.87158 1.9099 -0.585662 3.55195 2.71985 1.95248 -1.85159 1.01552 2.62719 2.96201 -0.258614 2.54148 0.760341 -1.53725 2.41148 1.50151 -3.12254 3.95854 -1.09727 1.27783 -0.681466 27.4626 19.6362 0.638237 -0.539239 -4.51437
layer: 0 neuron: 29 -1.3285 16.4718 -0.92056 2.42509 0.961534 -1.9776 -2.9422 -8.96384 -0.295276 26.2768 0.314045 -0.537926 24.6203 -5.95743 4.61003 4.76145 1.83099 -3.12234 15.3216 -1.3975 1.64518 -5.85774 24.6701 -1.34 1.91298 -1.0412 -1.44791 -0.620595 5.55485 26.457 1.25448 -2.06205 -3.07985 2.58473 2.64922 2.19178 -4.33078 5.67039 -0.336866 -0.0250185 0.892789 2.72033 0.982923 0.952884 -3.08482 3.52584 1.86337 -4.5829 -1.58863 10.2158 -1.55002 9.63927 -3.35452 4.90878 3.7467 27.1996 19.1727 1.94214 -2.22755 2.67501
layer: 0 neuron: 30 -0.259169 14.1538 2.33537 0.649231 -0.744329 -4.21164 -0.786679 -7.83946 2.08695 24.3786 -3.29608 -5.28916 22.7918 -6.86978 4.1039 1.41925 2.59415 1.51868 13.7852 3.22959 2.14431 -2.86045 22.7064 3.31108 -1.0785 -2.83587 -2.07662 0.519042 4.66669 24.2441 0.596131 0.046242 -3.44152 2.17132 1.6667 1.84019 -2.87547 9.00895 -0.0951525 -0.73416 1.48213 0.0184421 1.24355 3.85174 -4.67546 -2.74654 0.524308 -1.29226 -2.3914 7.78172 0.425442 11.1507 -4.24871 5.63525 0.743329 24.913 18.8978 4.06968 -3.43173 3.12257
layer: 0 neuron: 31 1.63851 16.3523 1.74261 3.25301 -1.8482 -2.24327 -0.0304109 -5.98976 2.11426 26.6611 -2.72705 -3.34922 24.7612 -5.77733 0.529383 0.11955 2.07868 -0.289403 16.5249 1.98015 -0.0688625 -4.15258 24.6519 4.44997 -3.28919 -4.37245 -0.411884 2.21375 3.19436 26.4617 0.179318 0.253545 -1.96727 3.06798 1.82049 3.16364 -2.99273 12.4427 -0.0839425 -0.125058 1.5905 -0.351321 2.31951 4.32576 -4.2937 -3.88375 2.08507 1.47361 -1.35529 6.16631 2.31933 6.88444 -3.36408 1.62476 1.6763 27.1229 20.6313 1.91923 -4.46952 3.59735
layer: 0 neuron: 32 0.39998 14.9211 -0.220448 3.72968 -1.42458 0.840307 -0.863519 4.74843 1.9529 24.3759 1.1937 1.46345 22.3123 -1.46727 1.02565 -3.06148 -2.35296 -1.6968 14.3424 -3.7055 1.74278 -2.29911 22.3916 -1.83581 -0.556146 -4.80074 1.38747 0.236887 -0.207305 24.598 0.743189 1.19648 3.54579 0.612466 -0.131647 3.854 -1.46868 2.72602 0.837671 -2.451 0.0107305 0.868928 -0.988362 4.51757 -3.54193 0.978092 1.75936 -0.886367 -0.196472 1.21169 -3.1907 -1.5758 -1.97823 -5.27187 -0.961819 25.3247 18.2341 -3.12117 0.324456 -4.10492
layer: 0 neuron: 33 0.0748258 13.8925 -2.98499 -0.864237 -1.36389 -0.221965 -1.42725 -1.6982 0.160617 23.0529 2.68964 -0.197858 21.5241 0.262013 7.60704 2.66883 0.191999 0.279857 12.6235 -0.515852 1.54969 3.70151 21.8572 0.408785 1.44458 1.01569 2.12374 -0.0231515 4.00576 23.8878 0.248707 0.893818 2.27797 -2.77239 -1.40946 4.13167 2.79913 2.98408 -1.2934 -1.97492 -2.97546 -1.41697 1.04752 5.01876 -2.36453 -2.06613 2.20729 -6.05273 0.0730667 4.53024 -2.46033 -2.57345 -2.84942 2.76228 -0.234134 24.6513 16.7245 -2.62273 2.36712 -3.31051
layer: 0 neuron: 34 -3.90446 4.32484 5.37777 -0.528171 0.498163 9.1414 2.52176 14.6785 -18.554 3.66412 -4.78245 -4.72359 0.565322 0.953917 31.9659 17.0328 -1.20253 2.40072 -2.78068 -1.97483 -5.15957 17.606 1.66062 0.96471 14.7246 7.71057 11.0657 9.79507 -5.39529 6.08043 -12.0784 6.41314 -23.964 -8.30706 -1.79858 -2.70247 1.24611 -1.91381 0.744532 -17.06 -9.98166 2.03336 -10.3286 -2.39707 0.397572 3.50683 -11.9604 -8.24164 -5.55948 0.824501 4.66117 -1.36508 1.7594 8.50518 -7.41526 6.87854 1.20948 -1.77521 17.8582 3.54247
layer: 0 neuron: 35 -1.21086 -8.41769 -4.30562 -1.96341 3.85284 1.40574 5.07349 -8.08583 5.12575 -5.6642 7.44542 7.06279 -5.65559 1.72971 -15.4117 2.15668 12.5932 -4.34396 -11.5724 -7.92278 -15.9119 6.29359 -5.57602 -3.52657 2.33248 -2.84432 -7.81651 -12.0491 -2.20786 -5.20684 1.49274 -14.4509 -1.56868 2.25699 4.96712 -11.551 -4.25783 3.87994 -6.46908 15.4473 7.01344 1.92062 4.69365 -21.0437 2.428 5.29497 -2.82471 6.94036 6.35244 -0.0770449 0.0206576 7.07225 5.39509 0.680497 15.5844 -4.66159 -9.71969 6.77813 -0.548423 11.1185
layer: 0 neuron: 36 7.74166 20.9559 -1.28004 -2.0013 1.58443 -6.01465 -1.25399 9.32605 3.939 21.1796 6.39413 -1.64586 19.7211 -3.33449 0.66242 -18.7911 1.79834 -0.831315 16.6555 0.120938 11.5356 4.16375 19.7324 0.888338 -3.33544 0.344594 4.33543 -0.519626 0.85768 21.5036 -3.97524 12.5127 5.61438 -3.09 5.42758 4.12274 7.39024 8.95579 0.429627 -0.676909 -1.85781 -4.63867 2.20065 -1.02635 -3.94359 -4.13802 -7.96455 13.5977 -5.60693 3.29455 -3.49181 -6.55671 -5.31137 -6.30004 6.04229 22.339 21.4657 -0.323171 0.198869 -0.809788
layer: 0 neuron: 37 8.25969 30.627 1.38217 -6.93084 2.17615 -2.6929 -0.356553 4.88033 0.0743636 34.3341 2.77692 -3.90838 33.0527 -4.98707 -1.78092 -15.5338 -4.22768 3.14427 30.7775 6.39882 19.6792 -0.998195 33.258 2.26005 -7.27805 0.306831 2.11607 0.0457184 2.78317 35.0912 -5.28157 8.9096 6.45995 -0.319489 4.44605 2.77401 8.8455 -0.530369 0.780024 -4.6488 -1.32748 -2.97854 -2.32329 -0.444005 -5.26621 -9.49215 -4.72886 6.71633 -3.2028 -0.0496649 -0.598744 -3.83085 -3.05837 0.850352 6.941 35.774 32.9055 -0.946731 -0.237852 -4.71045
layer: 0 neuron: 38 5.58805 3.52037 6.03546 -0.393882 0.820324 4.16258 -8.06012 -0.251405 7.32964 6.33561 -9.50459 -0.992854 6.26898 0.690122 -13.0576 -18.4661 -17.7768 2.17797 9.50838 18.2942 23.6644 -11.4668 6.82095 11.1361 -9.44733 -1.55494 -6.02945 -5.74984 6.90242 7.79604 8.35546 9.3209 16.6727 3.75418 8.23706 1.42678 5.45246 -16.1555 4.42253 -7.20971 -0.992742 -7.41444 -4.6795 12.4911 7.25768 -0.841376 13.1471 2.17677 7.8957 -8.73758 7.8019 -0.0131785 6.29903 15.6969 1.65189 8.04197 6.01242 3.25287 -9.72652 -11.4716
layer: 0 neuron: 39 3.08664 -6.25326 -2.53104 -5.64644 4.42202 8.68575 -7.00257 0.919689 -2.81317 -3.64807 -2.03027 0.451936 -4.40409 7.09079 2.2241 -1.09415 -1.38678 11.4586 -3.6148 2.20539 -0.0447259 0.925009 -4.0077 1.21751 0.978739 -1.10113 -1.06221 -1.40303 -6.50803 -2.63994 -1.64654 1.06269 -2.03892 3.49494 0.816722 2.68303 -2.29269 -12.1652 3.51206 -5.70383 8.53619 -0.898527 -6.79182 -0.805218 4.79681 4.65225 2.45467 5.80783 -7.14328 -5.87259 1.20299 -7.28921 2.13145 10.6193 -2.9322 -2.20314 -2.31821 5.38952 11.7274 -3.15853
layer: 0 neuron: 40 -1.33846 10.2243 -4.38253 -3.87177 1.98935 7.89984 1.39854 -8.71326 -11.461 17.3319 3.35171 -0.998899 16.1236 5.47211 16.6286 12.6998 5.31746 2.81506 9.5114 -10.0505 -6.33501 7.83731 16.147 -12.1089 8.34422 6.43414 8.57326 -0.634082 -7.0134 17.4754 -1.99201 0.332237 -8.87857 -1.08265 -0.84723 0.977381 0.460945 -11.4111 2.50683 -5.85026 -1.55636 7.61875 -6.8941 -6.34978 -1.52592 3.41385 -3.86456 -4.76895 -3.27159 -2.56626 1.31388 -3.63077 0.952228 9.55665 -11.8451 18.0498 11.0687 -3.20743 19.2749 -0.250014
layer: 0 neuron: 41 -1.40424 -22.1559 -8.69107 -7.73934 -3.2832 2.16073 -3.1086 -2.85398 -2.46496 -29.2718 13.8726 2.93599 -27.3629 8.4928 26.0467 6.13758 2.27501 6.88504 -22.3543 -7.66211 -0.499731 12.849 -27.2135 -17.9613 11.558 5.47903 6.40987 -5.02335 6.11207 -29.0325 3.87606 -3.9835 13.6018 -12.7686 -8.22799 12.5534 6.2922 -10.7111 -3.55411 -1.17302 -8.08739 -4.37646 0.485237 2.58204 -6.12088 -4.90584 9.03226 -19.4325 -0.550738 13.8799 -6.97336 -13.1022 -3.49712 15.9696 -0.728184 -29.6134 -22.4541 -6.19324 8.47517 -9.15035
layer: 0 neuron: 42 3.74569 5.21817 -1.85952 4.05346 3.0564 -3.70566 -3.5654 -9.20256 -0.0590613 -2.17087 4.79808 -1.73895 -2.31885 -4.88411 1.96948 -1.86384 4.9419 -1.92337 -0.676115 1.34584 -4.97558 -5.63582 -2.78731 -11.4179 -4.46634 -1.829 5.98344 -2.21608 0.663197 -3.42073 -2.26379 2.80123 2.83804 -0.98186 9.60823 8.90974 -4.792 16.7793 -1.56394 6.68362 4.46822 -2.08035 2.66701 -1.08291 -4.12859 7.20552 -0.832033 0.190363 -8.40817 6.35324 -7.74069 7.97375 -8.82194 -11.7456 4.69668 -3.56416 0.534163 1.08592 1.49787 1.97939
layer: 0 neuron: 43 6.81609 5.85629 -0.383103 1.61793 -1.95639 -5.23562 -5.01636 -5.62705 8.72569 1.40164 -0.301743 -8.34058 0.95371 -0.727711 -12.3547 -10.1227 7.32942 11.714 5.09484 -3.38882 0.621085 -12.2127 0.432981 -2.63968 -8.00667 -7.94922 -2.27099 -4.91279 -6.98766 0.255722 0.0463709 1.64123 -1.76476 10.8205 3.4827 1.2004 -3.977 15.4532 3.92651 -0.942413 10.9792 5.9389 -1.22128 17.4182 -2.55487 0.148344 -10.2229 20.1341 -1.82497 -12.2777 -2.1802 2.6981 -5.23873 -14.5849 2.58506 0.213537 2.99599 3.30415 5.678 -5.26439
layer: 0 neuron: 44 5.87123 7.92208 3.09822 3.62641 -0.232476 3.45175 -0.37302 -3.40801 -0.245917 7.71465 -2.84145 -5.35921 7.65378 -0.930678 -14.3784 -7.95624 2.6519 7.52642 13.6121 -4.94854 10.7211 -4.86068 7.1435 -2.41704 -6.87152 -3.2543 -2.55722 3.32984 -10.3364 6.48139 -1.13948 3.95675 1.58141 9.00357 -2.20009 -4.16128 2.78107 -1.2974 7.66743 -4.34128 2.07729 3.1619 -5.05484 4.48351 -0.628871 -0.25102 -5.93818 11.1627 -0.0204271 -14.3615 -1.11107 12.6824 -2.59223 -2.73737 -4.59208 6.07914 9.60923 0.203524 3.9723 -7.91715
layer: 0 neuron: 45 3.05284 -2.09041 0.903827 12.0039 2.044 1.45698 -0.200098 1.57237 3.68518 -5.69428 0.659287 4.95173 -5.05696 -5.25168 -7.91131 -7.98549 2.06702 -11.5514 -0.791971 -9.48456 12.5068 -3.44981 -5.31055 -1.36386 -2.20802 3.21093 -4.77893 0.359888 2.28354 -6.31111 6.01199 2.68354 -4.17571 4.81046 -2.85861 -4.31233 -3.27181 -2.30146 2.65404 2.54235 -0.506702 3.94744 2.94965 -1.28988 7.45261 11.5599 1.84934 5.01024 -5.73447 9.19973 0.0336993 3.05315 2.00957 2.15203 -3.8024 -6.68485 -1.99691 -0.673317 -9.86236 1.04664
layer: 0 neuron: 46 -1.26758 6.19868 -2.89491 16.2861 -3.15434 -5.52712 -5.54794 1.58533 0.290912 1.79218 0.830284 14.2498 2.74887 -4.5368 4.17773 -3.12357 -0.66561 -20.9629 6.34237 -5.01881 9.38913 4.21909 3.08373 3.52565 3.85244 3.36961 2.29691 4.05833 8.66851 2.5088 9.92573 -3.93875 -5.31693 0.516249 -0.208849 -1.46598 -5.87429 -4.69848 -2.21624 -1.63688 -5.07472 -1.95313 5.78685 -0.948586 9.85729 12.8882 12.808 -8.8565 4.50322 14.407 0.758067 -8.23921 4.18251 4.23085 -3.13211 2.23389 3.93476 -2.64842 -11.4802 1.7007
layer: 0 neuron: 47 -3.81188 -14.0777 -4.15127 -0.359198 -8.25003 -6.71012 -5.34004 -9.1686 -6.76623 -20.876 1.99444 1.80487 -19.5536 -1.95939 13.5545 4.14917 5.31458 -2.9574 -16.7249 -1.55985 -5.53451 7.92319 -19.8847 0.57814 5.20268 -0.102015 4.69809 3.84261 -3.37527 -21.6941 -1.45352 -0.177405 -5.11782 -0.776573 -3.89983 2.99246 -5.55781 1.47691 -2.28765 0.47359 -4.33744 -4.59265 4.61049 -6.30682 -3.99502 -3.62286 3.81083 -6.96518 7.73365 8.37718 1.71 0.938454 -0.978593 9.95756 1.10286 -22.0599 -16.943 -1.40395 -4.03877 4.51582
layer: 0 neuron: 48 0.929732 -15.8202 1.42984 -0.817599 -0.901616 -0.0311187 0.212309 0.793471 -0.431961 -28.5543 0.410708 0.574417 -26.4839 0.861457 1.29672 -0.843625 -0.624927 0.948643 -17.0838 1.55417 0.0810801 0.976378 -26.7107 -0.457359 2.00037 0.82031 1.86715 0.0481252 1.5397 -29.2029 0.831071 0.286795 0.660034 -0.893911 0.78846 -0.247762 0.811884 -1.15932 -0.66702 1.27462 -0.093882 -1.98178 0.0261604 -0.895277 0.689232 0.860833 0.838967 1.5618 0.298937 2.19033 1.5344 -0.164812 0.720352 1.26568 3.01619 -30.0571 -20.0388 1.35246 -0.0492554 -0.0230962
layer: 0 neuron: 49 1.20226 -15.5476 1.70237 -0.545069 -0.629086 0.241412 0.484839 1.066 -0.159431 -28.2818 0.683238 0.846947 -26.2114 1.13399 1.56925 -0.571095 -0.352397 1.22117 -16.8113 1.8267 0.35361 1.24891 -26.4382 -0.184829 2.2729 1.09284 2.13968 0.320655 1.81223 -28.9303 1.1036 0.559326 0.932564 -0.621381 1.06099 0.0247687 1.08441 -0.886791 -0.39449 1.54715 0.178648 -1.70925 0.298691 -0.622746 0.961762 1.13336 1.1115 1.83433 0.571467 2.46286 1.80693 0.107719 0.992882 1.53821 3.28872 -29.7846 -19.7663 1.62499 0.223275 0.249434
layer: 0 neuron: 50 1.05901 -15.6909 1.55912 -0.688322 -0.77234 0.0981577 0.341585 0.922748 -0.302685 -28.4251 0.539985 0.703693 -26.3547 0.990733 1.426 -0.714349 -0.495651 1.07792 -16.9546 1.68345 0.210357 1.10565 -26.5814 -0.328082 2.12964 0.949587 1.99643 0.177402 1.66898 -29.0736 0.960347 0.416072 0.789311 -0.764635 0.917736 -0.118485 0.941161 -1.03004 -0.537744 1.40389 0.0353944 -1.85251 0.155437 -0.766 0.818508 0.990109 0.968243 1.69108 0.428213 2.31961 1.66368 -0.0355353 0.849628 1.39495 3.14547 -29.9278 -19.9096 1.48174 0.080021 0.10618
layer: 0 neuron: 51 1.00807 -15.7418 1.50818 -0.739258 -0.823275 0.0472223 0.29065 0.871812 -0.35362 -28.476 0.489049 0.652758 -26.4056 0.939798 1.37506 -0.765284 -0.546586 1.02698 -17.0055 1.63251 0.159421 1.05472 -26.6323 -0.379018 2.07871 0.898651 1.94549 0.126466 1.61805 -29.1245 0.909412 0.365136 0.738375 -0.81557 0.866801 -0.169421 0.890225 -1.08098 -0.588679 1.35296 -0.015541 -1.90344 0.104501 -0.816936 0.767573 0.939174 0.917308 1.64014 0.377278 2.26867 1.61274 -0.0864707 0.798693 1.34402 3.09453 -29.9788 -19.9605 1.4308 0.0290856 0.0552448
layer: 0 neuron: 52 0.475616 -16.2743 0.975724 -1.27171 -1.35573 -0.485234 -0.241807 0.339356 -0.886077 -29.0084 -0.0434072 0.120302 -26.938 0.407342 0.842608 -1.29774 -1.07904 0.494527 -17.538 1.10006 -0.373035 0.522263 -27.1648 -0.911474 1.54625 0.366195 1.41304 -0.40599 1.08559 -29.657 0.376955 -0.16732 0.205919 -1.34803 0.334344 -0.701877 0.357769 -1.61344 -1.12114 0.8205 -0.547997 -2.4359 -0.427955 -1.34939 0.235116 0.406717 0.384851 1.10768 -0.155179 1.73622 1.08029 -0.618927 0.266236 0.81156 2.56208 -30.5112 -20.493 0.898346 -0.503371 -0.477212
layer: 0 neuron: 53 1.01122 -15.7387 1.51132 -0.736114 -0.820132 0.0503658 0.293793 0.874956 -0.350477 -28.4728 0.492193 0.655901 -26.4024 0.942941 1.37821 -0.762141 -0.543443 1.03013 -17.0024 1.63566 0.162565 1.05786 -26.6292 -0.375874 2.08185 0.901795 1.94864 0.12961 1.62119 -29.1214 0.912555 0.36828 0.741519 -0.812427 0.869944 -0.166277 0.893369 -1.07784 -0.585536 1.3561 -0.0123976 -1.9003 0.107645 -0.813792 0.770716 0.942317 0.920451 1.64328 0.380421 2.27182 1.61589 -0.0833273 0.801836 1.34716 3.09768 -29.9756 -19.9574 1.43395 0.032229 0.0583882
layer: 0 neuron: 54 0.442656 -16.3073 0.942764 -1.30467 -1.38869 -0.518194 -0.274767 0.306396 -0.919037 -29.0414 -0.0763672 0.0873417 -26.971 0.374382 0.809648 -1.3307 -1.112 0.461567 -17.5709 1.0671 -0.405995 0.489303 -27.1978 -0.944434 1.51329 0.333235 1.38008 -0.43895 1.05263 -29.6899 0.343995 -0.20028 0.172959 -1.38099 0.301384 -0.734837 0.324809 -1.6464 -1.1541 0.78754 -0.580957 -2.46886 -0.460915 -1.38235 0.202156 0.373757 0.351891 1.07472 -0.188139 1.70326 1.04733 -0.651887 0.233276 0.7786 2.52912 -30.5442 -20.5259 0.865386 -0.536331 -0.510172
layer: 0 neuron: 55 2.55565 -2.97981 1.62237 -0.0170134 -1.40499 -4.353 2.70111 2.89568 -3.54314 -11.7246 -4.08066 3.45531 -10.6728 -3.32112 0.37796 -4.17341 -5.48442 -0.711879 -4.45183 -0.481299 2.61293 2.06035 -10.6582 7.35179 -5.14506 -2.61182 2.92552 4.68919 0.383957 -11.8798 -3.02311 2.95561 1.73196 1.81035 0.352395 -1.70796 4.44535 -0.0704225 0.341549 -4.04421 -0.917334 3.20984 -2.03516 -6.3476 -5.16105 -7.68465 -1.64901 -0.581902 6.30599 1.44652 3.98276 2.22318 1.54271 3.5486 2.29053 -12.2672 -6.15019 0.293457 -2.08505 3.08822
layer: 0 neuron: 56 0.158601 8.44051 6.66834 8.72136 6.51477 1.35015 0.213199 5.40838 -0.254689 -0.554215 -5.70411 -1.50769 0.846124 1.03934 5.38573 -0.00617247 0.256803 1.83503 5.07294 8.50903 -1.58725 9.6682 1.2952 4.33892 -3.84881 -16.0905 -7.91215 2.94157 7.25527 0.21002 -1.53906 2.18122 2.34261 -5.13159 8.8449 -1.39683 3.42056 9.44706 -2.35892 -5.33034 1.51102 -5.35237 -0.425313 -4.73347 -1.78664 -7.46311 -0.923748 -6.13823 -13.9701 6.30268 -0.437075 -1.50672 -2.58907 -0.765505 -0.515761 -0.365167 8.80965 2.61044 0.913021 3.11901
layer: 0 neuron: 57 -2.47942 10.1909 3.32462 -8.95932 7.91201 8.58821 2.86656 -6.659 3.95964 -1.0263 -5.0557 -5.16066 1.04248 -8.22662 -4.1321 -3.27868 3.82503 -10.5923 5.3015 2.36909 9.03484 -7.52576 1.1769 9.23703 -7.3574 1.94652 -4.24038 -4.31161 5.58341 -0.736587 -3.68664 2.17619 -9.81449 5.89973 -2.71172 -1.63736 -1.76353 4.10308 1.78796 -9.16629 8.78232 12.3974 -6.55959 13.3257 3.61537 1.49073 -7.84905 -1.63693 -0.606057 -1.48536 -6.3901 2.35069 -0.460124 -4.01146 -10.2121 -1.30273 3.71323 -9.82778 5.9807 -2.08831
layer: 0 neuron: 58 -5.10099 10.3617 -5.40765 -5.13455 4.75828 5.02423 3.42783 -3.82413 -0.683183 0.698809 -4.22889 -7.21908 2.12195 -3.72047 -1.81883 1.61862 -1.57529 -2.6794 7.25285 -2.14629 3.15013 -4.98588 2.04799 1.08546 2.62814 12.2626 3.40566 -3.62647 -4.80281 0.683001 -2.79755 6.49303 -10.0243 2.91175 -6.03806 1.19331 2.08251 -3.95681 3.40375 -10.2696 0.131152 11.3922 -8.09344 14.0498 -0.420485 0.511118 -6.78479 2.06757 1.71769 -10.6732 -2.98147 2.21724 -2.06131 1.18311 -12.5686 0.277112 2.35558 -6.52384 9.88605 -1.20542
layer: 0 neuron: 59 -3.20281 5.05371 -11.8888 1.04123 4.70353 8.95273 -2.8748 -5.44904 3.82269 0.355262 5.06423 -5.68971 1.41936 4.37203 1.92588 2.50352 0.302644 9.60936 7.24973 -11.9562 -5.24224 3.41225 1.25557 -6.54817 7.78799 9.51548 6.81711 -2.47604 -6.54993 0.103538 0.263473 6.90875 -1.04015 -4.04059 -4.32692 5.68504 8.49386 1.76873 3.00493 -8.13151 -2.77821 0.252346 -1.56412 12.5885 -2.59657 -3.30556 -0.954681 -2.40333 -5.17638 -10.1576 -5.03867 -3.01627 -1.29682 6.14138 -11.3833 -0.271826 2.88128 0.348373 8.49963 -4.49792
layer: 0 neuron: 60 -0.0555249 8.05384 -5.49254 2.33362 3.93497 1.97634 -5.6773 -2.51093 -2.10845 4.80205 6.13055 -7.06533 5.67757 2.54929 10.6111 3.93925 -1.06711 13.8646 11.0828 -4.1845 -1.70606 8.59966 5.68776 -0.725947 5.02566 -4.68798 8.1776 1.21295 -2.59003 4.81154 -8.07437 2.64781 2.24539 -9.86651 6.01104 6.15073 6.92648 9.28076 -1.16408 -5.34958 -8.31645 -7.5 3.23207 0.634651 -9.70896 -12.7137 1.06307 -7.11755 -3.42104 -2.95054 -6.69596 1.08838 -0.873548 5.45013 0.631069 4.50582 7.6551 2.10986 2.4238 -4.34504
layer: 0 neuron: 61 -0.046221 -13.3459 7.81223 4.16147 -0.804849 -3.48314 0.7956 2.75549 -4.08034 -18.9766 -1.48081 -0.603768 -17.8123 -6.75658 -0.144768 -2.04 0.77481 3.95739 -13.6561 -0.588277 1.80372 2.08059 -18.2576 -2.23374 0.562318 -3.05652 2.81406 1.40307 -1.32847 -20.1011 -3.0179 4.44435 -4.88407 -0.554637 3.85277 -0.31896 2.00538 -0.204815 0.762657 -2.68048 -5.1954 -4.74238 -0.43601 -6.26269 -7.62876 -6.65055 -5.91073 5.76133 1.74411 4.59976 -0.983621 10.2986 -2.34608 0.407528 4.49502 -20.5311 -15.4227 2.46749 -2.61449 4.01353
layer: 0 neuron: 62 1.12197 -15.6279 1.62208 -0.625363 -0.70938 0.161117 0.404545 0.985707 -0.239725 -28.3621 0.602944 0.766653 -26.2917 1.05369 1.48896 -0.651389 -0.432691 1.14088 -16.8916 1.74641 0.273316 1.16861 -26.5185 -0.265123 2.1926 1.01255 2.05939 0.240361 1.73194 -29.0106 1.02331 0.479031 0.85227 -0.701675 0.980696 -0.0555255 1.00412 -0.967085 -0.474784 1.46685 0.0983541 -1.78955 0.218396 -0.703041 0.881468 1.05307 1.0312 1.75404 0.491173 2.38257 1.72664 0.0274243 0.912588 1.45791 3.20843 -29.8649 -19.8466 1.5447 0.142981 0.16914
layer: 1 neuron: 0 -0.781584 0.585651 1.40282 1.13349 2.39274 0.793268 -1.22275 1.43831 1.35235 0.21831 2.09892 -0.814107 -0.952482 0.777562 -0.733741 -0.427308 0.14907 0.270356 -1.08009 0.117194 -0.0571296 -0.359526 0.466735 -0.414148 -1.18516 0.935759 -0.22427 1.4647 -0.270857 -1.99367 -0.432437 0.70243 0.36822 2.13181 2.89845 -2.84323 0.772301
layer: 1 neuron: 1 4.14311 3.73093 4.37686 3.71112 3.44147 3.99674 2.88795 3.5805 3.73639 3.20665 3.49422 4.73951 3.58445 4.46946 3.22273 2.65325 3.09117 3.58697 4.51042 2.71034 3.34824 2.36319 3.62447 3.59718 3.44595 2.49629 3.49453 3.37602 4.4574 2.93211 3.38485 4.1401 3.08784 3.84031 3.67607 4.15552 0.45262
layer: 1 neuron: 2 -0.441788 -0.777229 -0.022124 -2.25499 -3.27303 0.205766 1.19415 0.259336 0.656177 0.703665 1.83506 -0.980123 -1.88919 -1.13352 0.658195 -0.586946 -1.92315 -0.290288 2.01845 -0.5083 1.33982 0.661163 2.28226 -1.22274 -2.01863 0.0651826 -0.507392 -0.207855 -1.41008 -0.663658 -0.966208 -1.45967 2.14801 0.999367 0.990726 0.218684 0.857509
layer: 1 neuron: 3 4.15104 -1.22827 -0.494482 1.36312 -1.84337 -0.317497 -0.446159 -1.80362 0.259886 -1.97177 -0.969328 0.765099 -1.65299 3.99782 -0.174258 -0.869649 0.736175 0.279347 -0.373641 0.608068 -1.31081 -0.597164 2.05827 3.03671 1.42935 -0.221694 2.6522 -2.12523 -0.0279859 0.0509998 3.22947 -5.76697 -2.20513 -2.34614 -0.746051 -0.881875 0.00994903
layer: 1 neuron: 4 1.28622 -1.02454 1.00961 0.366136 -0.870543 0.394704 -1.65664 1.50181 1.97661 0.441095 -0.603064 1.71823 2.62839 0.448713 0.930587 0.766874 0.447316 -1.22366 0.32494 1.4102 -2.58563 0.346506 -2.33786 1.13075 1.92562 -0.56321 -0.0221407 -2.09086 0.161994 -2.82717 0.0724798 1.212 -0.392858 -0.777958 -2.4042 1.95205 0.837428
layer: 1 neuron: 5 2.01402 -0.691723 0.198484 0.24252 -0.877585 2.20974 0.863358 0.180862 0.238202 0.953025 -0.309458 -1.12512 -0.727204 -1.69753 -0.44708 0.802287 0.369561 -2.1331 -0.132305 0.48634 -0.979289 1.34369 -3.18244 -1.9435 0.930131 -1.31364 -1.55356 -1.03432 0.327217 0.198919 0.302832 -0.0405567 1.20051 0.424445 0.966332 -0.0576272 0.841731
layer: 1 neuron: 6 0.394639 -0.807732 -0.613266 -1.58485 -1.21803 1.55013 1.93745 1.40475 1.36777 0.0262571 1.43036 -0.244912 1.13981 0.401903 1.11485 0.387373 0.629478 1.46687 0.493271 -0.571838 1.65938 -0.239262 0.911553 -1.60564 1.62178 1.11165 -1.58245 -0.997964 -0.546567 0.735876 0.608174 0.605553 -0.5597 -0.297465 0.688538 0.999893 0.844935
layer: 1 neuron: 7 2.55774 -1.79447 -0.234463 -1.49271 -0.581852 -0.865676 -0.453997 0.00211842 -2.76515 -1.22518 -0.193716 -4.45786 -1.03592 3.38499 1.5017 0.812981 1.34218 -1.17389 2.84947 0.620119 2.73403 -0.497297 1.4948 0.291219 -2.53859 1.54114 -1.86692 -3.84944 1.512 0.922889 -0.297226 -0.938572 -2.4322 3.05199 2.14291 0.449968 0.85876
layer: 1 neuron: 8 -1.63914 -1.60014 0.4691 1.7108 -0.915906 1.47648 2.15625 0.0563892 0.365146 -2.48831 -2.22737 0.739015 -1.8914 1.67139 2.47018 -0.752745 -0.908226 0.735702 -1.81524 -0.43556 1.30632 1.50671 -0.828588 0.315147 0.470506 -0.900848 -0.332425 0.221172 -2.04813 -0.409778 2.3776 0.0944119 1.19303 -0.263251 0.547532 -0.405134 0.0318003
layer: 1 neuron: 9 4.43092 3.73232 4.61539 3.71483 3.61415 4.69988 3.65045 3.73831 3.77964 3.51605 3.70109 5.08016 4.02392 4.60735 3.15155 2.99542 3.61856 4.28523 3.79646 2.74876 4.09715 2.74124 3.71609 4.69953 4.21919 2.76072 3.92191 3.75496 4.37278 3.43572 4.06273 4.58102 4.15823 3.67277 3.96783 4.39604 0.515091
layer: 1 neuron: 10 -0.739198 2.29542 1.28929 2.62578 0.957099 -2.36233 -0.373596 0.46374 0.656678 -0.669595 -0.247001 -0.678708 -0.761365 -1.65456 -0.562277 -0.391359 0.510421 1.57349 -2.27976 -0.317458 -1.4067 0.196031 -1.68375 1.23542 1.9058 -1.10465 -2.26086 -0.827711 -0.249474 -0.271589 1.70837 0.126163 0.60894 1.10999 0.397793 2.04555 0.619831
layer: 1 neuron: 11 -0.483788 0.394856 -3.73447 1.39201 0.241317 -0.480791 -1.87281 0.93844 0.251964 -0.256375 2.33709 -1.41764 -0.640906 0.688066 -0.585215 1.54854 1.61615 -0.386766 -1.41402 1.00374 -0.162813 -1.32157 2.48237 0.49853 1.50214 -0.258862 -1.12713 0.712531 -0.0131363 -0.541564 0.595609 -0.937069 -0.483406 2.02803 -0.893684 -0.472034 0.455855
layer: 1 neuron: 12 4.05749 3.718 4.525 3.70098 3.58808 4.7371 3.6091 3.74044 3.73055 3.50058 3.58608 5.01591 4.02373 4.61194 3.16193 2.97508 3.60777 4.28264 3.90664 2.39764 4.10008 2.74293 3.69886 4.68391 4.2078 2.50275 3.90574 3.7588 4.42347 3.3829 4.09614 4.51022 4.03181 3.65397 3.96844 4.39366 0.555132
layer: 1 neuron: 13 -0.399286 0.393949 -0.151335 0.591655 0.638758 -0.797621 -1.5954 -0.900023 -3.00048 0.594747 -1.53777 -2.59392 0.392883 0.132266 -0.0513132 0.971801 0.425483 0.386112 0.23841 0.36138 -0.0534981 -0.704825 -1.04738 2.03897 0.00127707 0.181189 0.948424 0.620333 1.19086 0.0713011 0.137188 -0.267288 -1.21219 0.490482 0.328806 -0.734329 0.760826
layer: 1 neuron: 14 0.979789 0.536389 -1.28719 -1.04183 1.08017 -2.82766 -1.13877 -1.01351 1.50484 0.330859 -0.716504 -0.561468 2.21269 -1.81783 2.1701 -0.708343 1.281 0.209147 0.841925 -0.392491 1.13424 -1.802 0.0884354 -0.980321 -3.15905 -0.296391 0.865907 -1.76484 1.94466 1.41332 -0.934711 -1.92874 -0.385837 0.746215 0.9885 2.92347 0.156041
layer: 1 neuron: 15 1.94697 -0.195875 -3.48947 -1.82093 0.129264 -2.35716 1.9461 -1.81171 0.722327 2.41471 -0.683378 1.72167 0.42388 -0.572949 -0.247816 1.0208 -0.666351 0.871871 -0.195737 -1.36437 0.560756 0.442308 -1.05054 0.396396 2.46873 1.17375 1.57792 0.42552 2.00153 -1.08812 -0.458128 -1.24271 -0.923439 -1.84433 -2.05131 3.1846 0.864528
layer: 1 neuron: 16 -0.21516 -0.723209 -0.252577 0.536935 1.14762 -3.3864 2.21753 1.92305 -0.169041 0.170994 1.09896 1.37378 -0.531606 -0.878741 -1.16873 -0.794405 0.618038 1.83352 -1.51437 -0.0184377 -0.689628 -1.68511 -1.49244 0.192894 1.99185 -1.01896 1.59652 0.684033 -2.72086 -0.602004 0.45492 0.745644 0.922914 -1.53418 -1.88014 0.26131 0.763207
layer: 1 neuron: 17 -2.0674 1.03349 3.71835 -0.808049 0.574857 0.410489 -0.131697 -2.06639 -1.80806 1.42121 0.396586 -2.05088 0.5287 -1.75805 1.53078 -0.711083 -1.60839 -0.996871 0.178148 0.449768 0.47383 0.362701 -2.62036 2.41096 -0.930114 2.39793 2.70645 2.41731 -0.935896 -0.800835 0.07379 0.472927 1.13219 0.107799 -0.506091 -0.408036 0.375378
layer: 1 neuron: 18 4.10898 4.10895 4.59558 3.7644 3.38963 4.79285 3.23986 3.57893 3.40642 3.43309 3.29973 4.77442 3.8942 4.60817 3.02838 2.83971 3.34867 3.95957 4.21102 3.00104 3.91748 2.67688 3.44917 4.63233 3.73891 2.68175 3.6347 3.73575 4.60792 3.26474 4.1834 4.0923 3.70227 3.53834 3.97167 4.11655 0.973144
layer: 1 neuron: 19 -1.79755 1.7737 1.35189 1.05747 -3.12685 0.590729 -1.32859 0.421316 -1.8354 1.03307 -0.950055 1.19805 0.981482 0.398245 -0.533128 -0.264191 -0.510904 0.553402 3.18048 0.70633 1.05028 0.519163 -0.677708 -1.51243 -2.90204 0.568833 -0.2101 0.127597 3.55983 0.427498 -1.6839 -4.41794 -0.652002 -2.21172 4.58321 0.834793 0.300333
layer: 1 neuron: 20 0.23255 1.92833 2.20343 1.34001 -0.580102 4.49876 -0.899716 0.797533 1.26426 0.353177 -0.749731 -0.0558272 0.127525 0.240426 -0.89086 0.274962 -1.06294 2.37418 -0.992153 1.08473 -1.04131 -1.11884 0.904778 -0.932901 -1.37222 -0.564681 -1.60172 -2.37875 6.09201 -1.8674 0.046012 0.890274 -0.683004 -0.252298 1.03917 -2.80677 0.187506
layer: 1 neuron: 21 -1.12798 1.00542 0.837022 0.0497428 2.14801 -2.70264 1.25715 -1.37376 -0.409075 -1.62974 -0.386664 -1.14803 2.28357 -2.15092 -1.98628 -0.681848 0.702998 -0.518009 0.349529 0.304707 1.09851 -0.382289 -0.161857 1.25763 0.563438 -0.958363 1.56482 -0.851266 2.74032 1.43479 0.884235 -1.62678 2.17358 0.720634 -0.696892 0.875309 0.729484
layer: 1 neuron: 22 4.07316 3.71941 4.43447 3.73691 3.59219 4.74512 3.60186 3.73996 3.74049 3.50393 3.58453 5.00794 4.02359 4.61324 3.25325 2.97505 3.60547 4.28453 4.03421 2.52947 4.10139 2.74452 3.70245 4.68569 4.20824 2.50226 3.90759 3.76046 4.54704 3.37574 4.09184 4.49843 4.0414 3.65632 3.97102 4.40519 0.562883
layer: 1 neuron: 23 -2.12662 0.386929 0.772332 0.296907 -0.524106 1.06312 0.763292 1.07887 -2.61032 0.882736 1.22281 2.9397 -0.231674 2.64158 0.367578 1.01787 1.35893 -2.95001 1.6228 -0.239562 2.05819 1.34407 -1.37946 -3.27287 -2.42719 -2.1495 2.611 3.69905 3.07478 1.69137 -2.35264 -0.859677 -0.797527 1.52943 -1.75254 -0.191094 0.975524
layer: 1 neuron: 24 1.75377 0.665126 -3.04199 -1.41716 -0.430887 -1.61028 0.867415 -0.999826 1.09882 0.109991 -0.00479786 0.614647 0.360914 -2.13979 1.05068 -0.106037 0.146377 -3.18067 0.2612 -1.25617 1.69857 -0.913939 2.24478 4.58475 -0.365852 -0.329418 0.499301 -0.355098 0.067644 -0.513089 -1.32341 1.69545 -0.482518 -0.125271 -0.729899 1.40642 0.627369
layer: 1 neuron: 25 -1.11377 2.61149 -1.83619 -1.54729 0.224326 -0.739919 1.69369 -2.45088 1.09839 -0.691745 -1.20384 0.413211 -0.984685 -0.841025 -1.62929 -1.55632 0.481811 -1.5368 0.680607 0.66765 1.04103 -0.0772229 1.96527 0.104523 0.620073 -0.826355 0.368579 -1.64742 1.14131 0.792937 0.192533 2.31191 0.839878 -0.926336 1.11036 -0.744037 0.617267
layer: 1 neuron: 26 0.955405 2.21031 -1.11055 0.0691396 0.160391 -1.72523 -0.782368 -1.95199 2.55876 0.499773 0.922193 -2.40208 -0.216228 -1.28641 -1.38767 -0.214854 -0.490978 -1.06362 -0.000329929 -0.0487813 1.1009 -0.70321 1.70509 1.92025 -0.288109 -1.01595 1.61434 1.36493 -1.77797 -1.21611 -0.156694 0.337046 -0.285145 1.00833 2.43509 -1.02806 0.466964
layer: 1 neuron: 27 1.95774 -0.172796 -0.443544 -0.2937 1.00875 -0.488659 0.338425 -0.943666 0.663746 1.18837 0.235195 0.636002 0.46241 1.25101 -2.27518 0.928666 1.18719 1.20351 -1.57092 0.701563 1.53292 0.118886 1.59243 1.59766 -0.933565 0.431619 0.901136 1.12695 0.240691 -1.19508 0.4569 -3.06382 -1.47483 0.140556 -1.56928 -1.22136 0.992279
layer: 1 neuron: 28 -4.23324 1.03885 -0.834532 -0.1192 -2.67525 0.711513 -0.0563288 1.16379 2.98979 0.859131 -0.991267 1.69052 -1.57018 -2.66131 0.962507 0.467378 -1.34076 0.190722 1.90041 -1.79844 0.246179 -0.675902 2.02551 -0.627484 -0.973515 -0.222376 -2.96534 0.623323 2.83947 0.0680793 -1.36781 -3.48534 2.9299 -0.760435 -0.186043 0.929487 0.0950041
layer: 1 neuron: 29 4.45207 3.75712 4.41763 3.81088 3.63392 4.731 3.65748 3.74311 3.79801 3.52549 3.69254 5.09757 4.03027 4.61102 3.38032 3.0023 3.62502 4.28942 4.09408 3.05929 4.09987 2.74478 3.73353 4.71604 4.23167 2.76432 3.93832 3.75939 4.66342 3.44952 4.04982 4.6025 4.16359 3.68996 3.97129 4.40849 0.545274
layer: 1 neuron: 30 -1.12465 -0.463159 -2.87182 0.524404 -0.971456 0.902276 -1.15446 0.656094 0.565309 -0.582836 -0.977002 -0.0341756 -1.19996 0.552403 1.11961 -0.365837 -1.37661 0.332971 -2.87691 -0.617781 0.878334 -1.242 0.605257 1.4893 -0.946856 0.671234 -1.424 -1.31141 0.878312 1.93727 1.14388 -1.25191 2.20701 -0.973592 2.77 -1.89723 0.0356456
layer: 1 neuron: 31 1.72188 -1.61794 2.26178 0.600694 0.0813525 0.368797 -0.94656 -1.78456 1.72226 -1.63521 -0.403654 -0.918288 -0.364079 0.979863 -0.401924 -0.834195 -0.395371 -1.95843 0.954229 0.88099 -0.307836 1.23672 -0.88355 -0.504051 -0.91212 -0.671248 2.29159 -1.31537 0.561634 -0.966921 1.09749 0.699909 -1.07705 0.570581 -0.800311 -0.984295 0.190924
layer: 1 neuron: 32 -2.89194 -2.65914 1.51431 0.24726 -1.94131 1.7587 -1.51915 0.17821 -0.812662 -1.733 -3.19899 0.160576 1.09656 1.83317 0.636402 1.61978 -1.27318 0.849914 -1.91174 -1.95423 1.13704 -0.035299 -0.35816 2.45616 -3.26067 0.464078 -2.22054 1.48334 0.437245 2.01649 2.05926 1.36349 2.15389 4.18291 0.750484 1.97818 0.896176
layer: 1 neuron: 33 -0.159825 2.44983 0.809528 1.09159 0.127423 1.42368 -0.141391 0.542002 -0.860114 1.55297 -0.570716 0.353741 0.64061 1.04279 0.200239 0.290761 -0.807704 -1.71722 -0.93978 -0.660452 -1.65691 -0.394236 0.909189 -0.457634 0.179281 -0.115509 1.68424 1.69457 -1.43834 1.39912 -0.603767 -1.42738 -1.69578 -1.58689 1.10008 -0.926615 0.616565
layer: 1 neuron: 34 0.61219 2.21639 1.47101 1.87245 -2.72167 1.19449 -1.99153 2.68935 0.90638 -1.46506 -1.35922 0.702256 0.307648 1.32996 0.575833 -1.75111 -1.07657 -0.735853 0.473218 1.37258 -1.33145 -0.524068 -1.42361 0.941117 -0.916795 0.437794 1.77137 -0.281493 -1.23904 -2.43624 -0.572629 -1.50457 -0.624985 1.53978 -1.11947 1.27797 0.39964
layer: 1 neuron: 35 1.63806 -2.76038 0.201291 0.381565 -1.63221 -0.398952 -3.06613 -1.33431 1.73082 0.217336 -1.99863 1.12375 0.311757 -0.879483 0.48503 -1.18038 0.236502 0.601224 -2.23312 -0.54608 0.345377 -0.885276 -1.04491 -0.52574 -2.04385 1.04299 -1.60765 0.457504 -0.599153 -1.67138 1.28326 -0.196057 -0.490926 0.767548 1.06503 -0.433254 0.359569
layer: 1 neuron: 36 -1.86327 -1.71509 1.21827 -0.0984442 -0.775465 0.275967 0.937531 -1.64176 1.91322 -1.93183 0.377125 -2.74989 0.598556 -2.8806 0.116733 -0.479495 -0.303318 0.431607 2.18208 1.44191 0.643045 1.3467 -0.587936 1.3829 0.571113 -0.0959129 -1.00875 -0.497348 0.850304 -1.55719 2.40785 2.07647 0.850067 1.20364 -0.733896 -0.748629 0.625965
layer: 1 neuron: 37 -0.726618 0.095532 4.18346 0.581687 -0.687466 -3.9858 0.458366 -1.33088 3.02541 -0.36552 0.205599 2.93681 -2.06252 1.33366 -0.0291898 -0.279443 -1.33071 -2.00793 0.580584 -1.77189 -0.745862 -0.647241 -1.07805 -0.476034 0.0879364 -1.20371 2.75619 3.55474 -1.77235 -0.480678 -1.43936 -2.25371 2.49783 0.336132 -1.78227 2.50574 0.667196
layer: 1 neuron: 38 1.32098 1.138 0.0759511 -0.527766 -0.266586 0.898141 -0.830758 0.413041 -0.400261 0.302867 -0.409754 -1.07924 -0.0601071 0.903291 0.0361939 0.275299 1.18118 -1.0989 1.10919 -1.3031 0.10464 -0.52906 -0.371304 -1.11265 0.212393 0.0694203 1.55448 -0.585651 0.0552207 0.795749 -1.09104 0.669714 -0.84204 0.331999 -1.02434 -0.227132 0.685995
layer: 1 neuron: 39 -2.23597 -0.0224124 -0.279084 -2.27229 -0.154102 -2.42688 -2.34116 0.970418 -2.23835 -1.77834 3.00419 1.8668 -1.42168 -0.182501 -0.503401 1.19856 1.56985 0.266089 1.39305 -1.45619 0.874572 -0.152608 -0.610257 1.75014 0.801428 0.0473739 1.74536 0.229952 -4.92968 1.03148 -0.477477 2.09675 1.20229 2.7589 -0.974434 2.50156 0.711295
layer: 1 neuron: 40 -0.370597 -0.763461 0.449014 0.583887 1.12266 1.76303 0.285103 0.982021 -1.59929 1.98782 -1.70211 2.36612 0.00685943 1.45555 1.69479 1.56318 -1.48855 0.884656 -0.333073 -1.36238 0.39318 -0.00553737 0.416803 -1.67428 -0.391647 -0.236922 -1.318 1.41768 -1.62848 0.306637 -0.788287 -1.14953 0.675012 -2.01419 0.151227 -0.307085 0.36256
layer: 1 neuron: 41 1.06456 -0.747844 -1.40166 -0.209605 -1.72941 0.741788 2.16526 0.268323 2.19547 0.997909 -2.01256 1.69258 2.05427 0.896628 2.42576 0.568439 -0.289018 1.22118 -0.928069 -1.30296 -1.92286 -0.16547 1.14619 -3.03043 2.1028 1.02222 -0.171974 -1.54197 -0.736031 -0.287227 1.84272 1.19107 -3.40748 -1.23735 -0.0825286 -0.179978 0.810785
layer: 1 neuron: 42 -1.34249 0.746306 0.429242 1.79415 -1.01888 -1.68653 0.188654 -0.944787 -1.62176 -1.30281 -0.521915 0.450066 -1.40776 0.186879 -2.43297 -1.11713 1.32003 1.93221 -0.718929 0.894204 -0.826257 -0.370571 -2.32943 0.658278 1.32563 -1.64027 1.53577 0.735991 0.858301 0.676824 1.12973 -2.51028 -0.86784 -0.453774 -1.43447 2.93301 0.00946074
layer: 1 neuron: 43 2.6892 -1.39597 0.291842 0.947277 -2.70131 0.541957 -0.403394 -1.88445 2.5845 0.810808 -1.43362 1.43475 -1.87088 1.46933 1.89594 -1.21618 -2.51101 -1.9775 -2.86349 0.430267 -1.01175 -0.648028 0.120988 -1.71387 -0.941557 -1.10304 -0.0131505 0.953187 1.89956 -1.43304 2.68508 1.90939 1.46688 -2.00494 2.32552 -2.4268 0.0349742
layer: 1 neuron: 44 -0.327256 -0.213413 -3.36476 1.16924 -0.534485 0.232012 0.674156 -0.537951 -1.74291 0.0816412 -1.01795 2.35784 -1.14721 0.182472 -1.97525 -0.147437 -0.654787 -0.909088 1.85237 0.277304 -1.27038 -0.127972 0.726222 0.686602 0.292318 -1.21481 -0.198865 -1.0626 1.00057 0.767007 -0.289975 -0.550086 0.711015 -0.819654 0.409211 -1.862 0.839228
layer: 1 neuron: 45 1.68816 1.93351 -2.01374 2.16018 1.49651 -1.06258 -2.06287 1.74173 -1.33804 0.656644 -2.05209 2.12214 -1.78519 0.644191 -2.13352 0.823779 -0.195155 -2.28383 1.60663 -2.10155 -1.70911 -0.802065 2.59049 -0.897698 0.370569 1.79952 -1.4457 -2.36283 0.633693 0.508365 -3.15192 0.898223 0.135925 -0.351216 -0.0986296 -0.275988 0.0473952
layer: 1 neuron: 46 0.0823394 0.509431 -1.28806 3.39757 -2.10368 1.99978 -0.80411 -0.768933 -0.815611 0.791576 -1.1078 1.74341 0.368485 -0.964494 -1.10522 0.628097 0.958787 0.454487 -1.76715 -1.80363 1.48398 -0.272983 -0.123687 1.55604 -1.14021 0.597611 -0.740275 2.37983 1.88166 1.70267 0.86827 -2.02538 1.5588 -0.18347 -0.4753 -0.942164 0.270516
layer: 1 neuron: 47 -0.636462 0.075817 2.71896 1.4771 -0.0886522 -1.0408 0.0201825 0.230444 0.240811 1.02779 0.393517 0.140852 0.0974061 1.52026 -0.836123 -2.22959 -1.04829 1.44415 0.81474 0.571432 -2.62351 -0.970954 1.70234 1.54634 0.336712 1.08361 -0.669845 0.20674 -2.79508 0.738918 0.599375 0.466684 0.231391 -2.55999 0.00981049 -2.89986 0.426649
layer: 1 neuron: 48 -0.665848 2.00663 -0.360825 1.37235 -3.09792 1.52401 1.19402 0.164425 -1.68963 -1.23917 1.67182 -2.36847 0.361082 0.670214 0.441904 -1.38723 -0.707242 1.13315 -1.07811 -1.25447 0.355404 -0.0620908 1.89484 -0.0818815 1.15271 -0.362461 -0.337721 -0.0666633 1.17765 0.451101 0.451351 0.368627 -1.65438 -0.148388 2.12616 0.24348 0.875851
layer: 1 neuron: 49 -1.80325 -0.214367 -1.08781 0.978216 -0.151563 -1.69178 0.211913 -0.47332 3.61578 1.19003 -0.696694 4.01349 -2.34056 -2.56722 -0.790816 0.616867 1.12421 1.50734 -0.241795 -0.988531 0.487665 -1.43818 2.51789 1.02497 -0.69066 -1.45522 -2.10725 -0.5048 1.77543 -0.354238 -1.64787 -3.87806 2.97418 0.432503 -1.44724 1.75356 0.0935087
layer: 1 neuron: 50 -1.17787 -2.23043 -2.00378 -2.19453 -0.00662905 1.78984 0.43368 -1.22313 1.07224 -1.9124 2.05427 0.868497 -0.553309 -0.482092 0.219956 -0.0523302 -0.190586 1.2057 2.13802 -0.560218 1.08038 0.773048 0.644839 0.982053 0.482417 1.07918 1.29123 1.1592 -1.00398 -0.207124 -1.08243 0.494738 0.248468 -1.32553 -0.673073 -3.0233 0.291177
layer: 1 neuron: 51 0.143173 0.744197 2.22944 1.31489 -1.96292 1.74701 0.333731 1.70453 0.424103 0.884691 1.58486 0.45492 -0.59446 0.329423 -0.784943 -0.357832 -1.30372 -1.39215 -1.06993 -0.948249 -0.0252089 -0.835699 -0.873042 -1.84031 1.4528 -0.283816 0.536839 -1.76968 -1.11494 1.47464 -2.77287 -1.78006 -0.839341 -1.47869 -1.84999 3.76841 0.00671407
layer: 1 neuron: 52 -0.239926 -0.709043 -2.35549 1.3008 -0.583779 0.586161 -0.00676561 -0.617478 -0.161734 -0.420682 0.0885776 0.887184 -0.211734 -0.960466 1.28216 0.602117 -0.888485 0.741265 1.72877 0.430823 0.323222 0.70207 0.592898 0.50755 1.04635 -0.748756 -1.13496 -0.32401 0.46583 0.179177 0.518683 0.832902 -0.121268 -0.745674 -0.923682 -1.26061 0.851955
layer: 1 neuron: 53 -1.54704 0.364156 -1.63772 2.23094 0.0414853 4.20098 0.830283 -1.9089 0.948369 -1.02342 -0.101453 0.3912 2.48684 -4.69377 -0.439668 -2.24069 1.37068 -1.75785 -0.427117 0.174797 -0.705393 -2.11786 -1.7507 -1.302 -0.915729 -0.997373 1.12242 -0.708309 2.29861 1.83492 -1.78089 0.132155 0.605226 0.154199 -0.972806 -0.0601919 0.0884121
layer: 1 neuron: 54 -3.25256 1.51614 1.52686 1.21506 -0.35828 -0.280451 -0.362295 0.741166 -0.664642 0.942606 1.66108 1.54608 -2.25108 -3.73407 -0.366738 0.401389 -1.54635 2.8181 0.961374 0.783147 -1.3094 -0.3042 0.155697 0.821973 -0.0271091 1.49517 -5.01462 1.53307 -0.524046 0.558448 -3.79425 -0.901252 0.826129 1.59091 -1.00919 1.98927 0.320017
layer: 1 neuron: 55 4.48187 3.79349 4.43943 3.84893 3.66777 4.71877 3.65859 3.74191 3.82454 3.53647 3.69051 5.12366 4.03147 4.60974 3.42258 3.00829 3.62958 4.28917 4.12575 3.09172 4.0987 2.74326 3.76185 4.74213 4.24971 2.7628 3.96483 3.75907 4.66825 3.47011 4.00969 4.64001 4.16163 3.7179 3.96946 4.40702 0.530045
layer: 1 neuron: 56 4.01565 3.71094 4.71303 3.6901 3.88055 4.45028 3.40509 3.7309 3.25496 3.4688 3.24972 4.82434 3.86442 4.60481 2.92813 2.94212 3.55757 4.00131 3.80787 2.45442 3.86476 2.54001 3.53335 4.3847 3.20393 2.75024 3.5391 3.52066 4.64055 3.00136 3.69771 3.6042 4.17945 3.75179 3.95987 4.08427 0.501633
layer: 1 neuron: 57 -2.32292 1.32757 -0.721414 0.382881 1.28166 0.967779 -0.349548 -0.632606 -0.236412 -1.20078 -0.280403 0.192233 -1.43472 0.518874 0.00729473 -0.545964 -0.931208 -1.14452 1.19848 0.181128 1.04048 -1.02074 -0.602563 2.4745 -0.680919 1.19203 2.00121 0.40008 -1.26203 -1.28357 -1.49848 -1.59764 0.155071 -1.30618 -1.28919 -0.0784697 0.334239
layer: 1 neuron: 58 1.22011 0.776527 -0.153647 -0.835917 1.96593 -1.74024 0.208614 0.873418 1.01865 2.12412 -1.31418 -1.21983 2.81715 -0.864963 1.18841 -0.192455 -1.16337 -1.27034 3.15956 0.591738 -1.03792 -1.93806 -0.0314109 -1.11483 0.730306 0.854604 -0.837702 -0.0858982 -0.618981 0.842993 -1.34144 1.84759 1.2897 -1.53481 0.368262 0.500046 0.437513
layer: 1 neuron: 59 -0.346372 -0.382033 -0.820119 -0.0124373 0.312105 0.792466 0.806139 -0.843613 2.75236 -2.12146 1.54888 2.46702 -0.453728 0.151803 -0.147863 0.726543 0.660279 1.28421 2.22888 -0.608975 1.4092 0.834603 -0.86048 0.161518 1.47298 -0.251554 -0.0375159 0.535056 -2.64604 -1.1968 0.00963518 -1.58476 -2.91827 -4.17726 -1.12692 1.45388 0.294565
layer: 1 neuron: 60 -3.8506 -3.19815 -3.79308 -3.25382 -3.05926 -3.72685 -2.89818 -2.94485 -3.17581 -2.80646 -2.89183 -4.44474 -3.2472 -3.81396 -2.83363 -2.25019 -2.86372 -3.49907 -3.46929 -2.44016 -3.30878 -1.94612 -3.12447 -4.09204 -3.55527 -1.96405 -3.31686 -2.63455 -3.86942 -2.79164 -3.00334 -4.05065 -3.36209 -3.07755 -3.17068 -3.60851 0.812159
