topology: 58 60 36
layer: 0 neuron: 0 -325.649 -470.592 -346.629 -106.714 -301.126 567.42 -164.193 -131.836 148.67 267.82 -102.555 612.273 -48.3408 76.5984 -157.224 215.751 695.382 -530.614 -701.474 -625.825 -59.5425 512.744 -341.444 624.721 -770.611 94.0575 186.584 64.6556 764.387 -298.562 291.574 157.296 123.254 207.267 -202.168 -282.124 -281.15 64.2332 77.1718 220.414 -166.162 -574.9 -11.4836 104.16 133.936 -542.621 18.9447 -339.556 -468.992 -913.459 -409.009 -376.038 -16.249 -117.791 -97.5452 -17.9263 -303.66 233.848 561.561 -107.184
layer: 0 neuron: 1 65.8101 454.38 28.2119 444.957 -284.384 330.541 -460.951 51.3114 430.272 86.2798 -12.1796 503.096 -59.5936 317.774 160.896 63.3141 275.554 -136.294 10.6572 61.5217 41.1875 -29.164 288.855 483.683 -262.297 -457.557 459.117 18.4655 -92.4305 -251.205 98.6222 -155.311 297.229 388.383 77.2757 -324.354 -302.64 -496.894 -240.181 70.7067 419.344 291.091 314.311 22.765 -118.751 -308.572 -348.947 331.804 124.653 292.156 757.033 357.318 70.0944 239.397 95.5409 463.568 -305.444 -235.74 506.42 -49.0689
layer: 0 neuron: 2 587.445 41.9929 -93.4083 -43.6481 0.757766 -561.683 -82.1613 -106.496 -327.894 -87.8153 -90.2195 92.7662 -34.3129 285.153 -156.758 -109.761 -218.795 -375.947 -76.9124 483.008 -56.868 -9.96085 1.39227 166.458 -101.787 -337.064 109.374 -316.509 -195.688 -13.9695 -220.898 -134.225 -167.688 -199.362 -80.2087 -215.808 -57.9571 347.435 271.604 -213.438 -90.7488 -1.04895 -5.17373 -28.8442 317.801 120.776 -226.98 130.836 72.2268 330.651 417.548 51.5051 -263.49 99.4304 -163.932 659.973 -56.2266 146.012 210.6 -148.387
layer: 0 neuron: 3 452.99 186.13 -144.002 -261.447 -237.315 66.0819 102.416 -149.422 -114.231 42.8997 134.945 124.638 -98.4971 -58.2483 13.9313 -49.0299 -157.405 -78.4785 -103.186 311.215 -317.144 4.35326 -161.003 -379.799 193.569 -146.992 0.0644931 47.9439 -298.962 -345.825 90.2465 44.2926 -96.2365 -284.081 -108.182 -73.0941 -380.856 820.177 776.711 -262.111 -0.712883 -544.627 -304.586 339.914 120.141 127.281 -178.624 164.545 122.058 53.5275 195.296 41.5296 353.219 32.6668 8.83746 12.7374 -403.387 -239.961 156.036 -279.882
layer: 0 neuron: 4 71.3707 -3.9344 395.677 -359.814 -775.908 -55.0756 535.289 -500.728 -103.553 -81.8614 -20.8911 50.8414 -87.5086 11.893 17.1495 155.155 152.475 -37.8871 398.128 118.198 -147.736 10.0171 -279.936 -276.655 -458.645 127.454 -211.437 -299.724 82.8471 -898.184 242.774 -12.3433 178.178 441.447 465.66 -26.541 -843.685 -147.824 -246.995 476.415 240.556 -55.8198 302.388 311.091 -107.553 443.001 -139.425 204.066 -83.0521 -40.5517 501.951 106.596 32.3364 -224.257 -247.623 -520.451 -916.25 -99.091 -708.423 -91.2743
layer: 0 neuron: 5 -65.8129 -214.23 -72.0014 75.0193 991.55 -74.7518 246.136 -152.984 -275.795 89.1822 -167.447 -146.217 -381.306 48.3918 3.81035 -36.2922 5.21228 228.994 -32.5238 205.817 -358.157 -248.712 94.9455 -55.9263 1050.46 -214.097 40.6529 -77.5739 -154.071 1101.65 -266.329 -198.424 -90.6972 102.816 -2.40468 38.5867 1001.39 -520.111 -332.05 45.2677 -110.887 425.443 -92.6098 -400.578 -131.88 270.739 -25.8122 37.6408 54.491 -235.765 135.351 48.3212 -147.326 -94.77 263.193 -42.2227 1063.71 -267.375 -254.539 -13.7515
layer: 0 neuron: 6 -97.2032 285.859 106.045 -19.5259 -191.802 -2.38725 -2.62449 7.70592 101.811 54.1689 33.842 -228.372 269.37 -83.0722 -2.79129 -25.4265 -57.0185 -221.841 313.412 186.576 817.793 234.656 91.6711 -67.6856 -347.682 435.07 -85.6536 25.0185 474.612 -206.046 30.4035 229.142 104.08 -179.897 275.664 128.528 -210.269 -184.556 375.179 257.057 36.8937 193.497 302.512 60.2404 108.306 136.169 486.246 -51.0995 240.009 267.48 -144.702 216.281 -277.796 156.259 73.9011 554.576 -254.814 496.846 -96.3004 296.99
layer: 0 neuron: 7 -206.044 -48.9169 47.4733 -187.822 -454.267 237.676 -110.366 112.085 248.987 -40.9771 -97.4637 -215.015 299.448 -8.58089 611.303 -11.4343 -192.84 -305.152 -39.4358 342.829 51.7694 103.404 -56.711 -151.751 314.862 -165.579 36.7588 -16.5338 33.9922 -580.649 185.353 195.287 13.8725 -409.413 344.509 -78.0594 -456.093 -195.646 -58.9437 43.7728 31.0559 -269.776 131.155 84.7412 136.796 75.7124 50.7155 -95.4384 -3.28931 -162.714 47.9076 40.748 -130.399 121.286 94.5137 347.233 -598.027 -771.837 156.504 -85.8481
layer: 0 neuron: 8 7.52835 -139.378 208.801 35.4668 -365.317 -120.583 56.3312 53.3278 -185.706 -46.5546 -344.726 -5.9209 271.707 94.7526 -103.236 -112.646 -118.246 -329.002 -128.167 486.079 -95.5513 -125.209 161.638 96.2326 215.834 -108.984 241.154 -3.79801 -26.3357 -463.4 225.79 138.595 -42.5976 99.364 412.404 -71.9702 -454.601 109.458 88.0269 -380.631 253.394 16.2957 173.237 -128.106 8.46068 432.459 -43.3431 322.909 193.529 163.82 130.896 396.904 189.671 -43.8435 89.5898 200.724 -531.056 -802.224 -248.25 -440.611
layer: 0 neuron: 9 230.627 -303.459 245.645 80.5432 163.691 -456.966 -80.5615 34.9199 -513.132 73.1555 -429.96 293.102 203.108 102.674 -318.756 -99.2139 37.6859 21.3873 86.0382 337.159 334.29 -149.885 71.5231 413.963 249.231 326.925 369.606 -151.4 291.024 236.709 12.1279 -203.105 61.3172 525.278 355.52 131.581 128.904 14.0464 -240.006 -83.0687 124.863 94.0093 209.14 -67.7731 38.9333 179.494 -17.5545 468.42 412.383 -33.8122 -15.0446 373.607 4.85498 -153.415 54.5016 6.10685 127.009 -118.111 -298.219 -475.745
layer: 0 neuron: 10 213.862 -233.913 -84.656 -139.158 -158.748 13.3331 483.922 10.6435 484.817 68.4156 194.07 88.1681 251.477 456.346 -438.547 2.40587 15.8545 495.362 353.932 -14.1854 521.97 207.434 -259.299 -151.03 -398.788 275.832 -49.6667 -190.256 52.2612 -84.6667 -255.185 -65.2589 245.517 -377.12 -196.897 173.44 -212.083 -70.8715 176.822 265.865 -64.5095 -25.7755 -76.2284 472.343 -21.9177 254.556 368.359 -376.925 -52.1819 -82.1726 -259.131 -157.707 -310.304 -36.6965 205.625 161.268 -199.207 258.758 -44.3667 374.145
layer: 0 neuron: 11 -37.6232 -141.533 -174.02 -69.125 -159.284 60.6549 338.572 -52.4491 387.112 -34.5498 101.251 89.1636 125.047 255.737 -434.021 19.7274 227.583 454.033 180.105 -311.564 -208.624 306.206 -197.84 40.7705 -332.254 237.476 -50.5573 -120.863 -29.8156 -167.171 83.7876 183.709 92.3307 -107.184 -67.3364 66.4473 -232.948 437.667 99.5484 177.901 -7.82783 61.1591 -197.816 239.197 -73.4475 41.92 238.125 -253.171 -258.642 -51.753 -151.594 -244.012 0.79536 -57.749 -77.9453 -104.402 -231.44 404.746 76.5694 182.529
layer: 0 neuron: 12 -39.7264 255.668 -340.745 60.3491 176.953 342.527 129.548 -596.871 81.7358 40.6802 159.396 254.3 -549.956 25.6018 -453.63 78.2449 336.022 -263.15 -187.585 -314.62 -462.729 117.433 -137.499 -129.751 -188.182 -135.153 -154.642 -116.227 31.7614 186.784 16.5408 -5.51665 38.8724 206.007 -392.084 -223.683 138.636 34.5282 483.877 139.45 -100.06 45.4921 -276.488 -139.963 -218.017 -226.058 -40.9015 58.1006 -238.676 -62.3095 39.4183 -67.0591 111.861 -148.733 -165.639 56.8984 220.049 730.69 64.0927 203.388
layer: 0 neuron: 13 6.90901 182.445 -17.0213 56.9157 -440.097 92.3738 -44.6444 -186.192 34.2861 235.079 159.297 111.844 -331.301 132.255 60.3691 385.856 174.586 -346.299 -201.893 175.572 159.628 -29.3886 -302.183 97.0749 -647.39 66.7306 11.1238 -68.6976 181.806 -390.099 -234.225 -119.295 99.3239 260.767 -118.451 -145.421 -391.618 -25.4671 5.58627 -33.0999 -218.508 125.981 -105.591 -75.0268 201.619 -108.215 -52.3853 -77.089 177.983 -43.8621 -178.418 -102.022 130.17 56.369 -184.11 -209.028 -381.682 643.239 43.3946 282.376
layer: 0 neuron: 14 83.9201 35.5098 -3.6446 -68.9192 -7.32953 -53.9455 45.0548 47.4501 75.4705 -52.1847 67.0163 -39.5297 73.0905 -13.5888 289.597 -68.5144 -92.2622 115.941 118.36 33.341 -77.2237 -22.7212 48.3204 -134.95 106.547 -175.104 19.529 32.3831 -169.064 18.6242 35.4516 46.7613 -172.635 -246.812 78.0045 26.5335 -18.9595 33.3227 -133.42 126.236 18.553 37.9939 52.9577 120.327 -6.33051 -11.4141 -15.0682 -131.584 31.048 57.8092 288.866 -32.4814 -102.859 37.6619 57.8434 103.229 -24.0413 -182.543 81 139.46
layer: 0 neuron: 15 108.731 37.6734 20.6123 -51.915 -89.6853 -125.132 88.6385 52.4787 -162.497 -115.9 72.9653 -23.566 -54.0705 -100.97 155.959 -143.927 -109.369 172.027 196.284 231.214 -67.8132 59.8712 127.22 -5.15688 235.566 -211.476 40.9457 30.1593 -101.795 -56.1922 -42.5471 -7.1116 -100.934 -91.7421 -30.4751 52.4286 -83.5408 -86.8487 -42.8152 264.996 54.5966 14.8875 129.675 -44.4011 -80.8941 6.5615 -32.3458 73.4115 8.7387 -9.97623 378.964 80.1276 -149.83 111.113 123.301 182.345 -91.1691 -168.839 85.715 -24.2601
layer: 0 neuron: 16 51.2703 636.571 -417.707 -30.4917 26.0272 -310.373 -441.001 440.439 203.489 -399.76 -125.198 -238.317 133.067 -208.312 229.275 199.306 -291.398 361.206 318.11 -236.24 125.415 -42.3231 291.982 -593.602 346.369 278.135 -136.54 -16.7624 -245.607 73.4794 -146.506 49.5221 -22.4414 -690.053 -79.925 22.6112 27.1434 49.6665 -92.1586 -95.9507 -130.519 -148.604 23.1884 24.9424 -111.582 -194.181 3.30375 -150.958 367.873 291.31 304.952 -110.316 128.42 76.6956 -160.88 66.4607 35.3291 -336.48 -81.9716 -50.8021
layer: 0 neuron: 17 -14.7595 198.915 -6.61446 58.185 541.841 159.846 -174.332 35.5586 218.581 -56.8541 -74.9388 138.602 73.62 26.5053 -195.203 -19.6896 -15.1283 -39.3659 69.8783 -89.3301 153.982 11.2227 155.461 85.353 285.13 39.504 36.7534 -89.1426 -2.2051 743.977 126.308 -33.037 212.532 127.397 71.4326 -56.6352 614.582 -97.3359 149.508 -118.29 208.877 -10.0559 92.0829 103.615 -93.6548 57.4629 -74.2716 251.715 96.1776 195.602 128.09 193.245 124.032 6.38063 -1.38438 154.251 711.572 -161.387 55.9293 -152.884
layer: 0 neuron: 18 125.304 50.78 -26.2785 -46.2727 615.89 -29.0404 -38.2378 -48.9552 -104.451 -37.4405 -5.86043 119.227 -48.845 -43.39 48.4892 -53.1838 0.509376 -77.8846 9.53183 -18.7043 -94.0541 -7.16403 57.771 -98.2325 543.192 -180.412 25.061 -33.1659 -74.0939 791.081 23.4847 -22.3166 -111.617 -52.2583 38.3518 -85.0547 675.852 -78.5313 2.5218 79.0286 -23.7841 -58.5402 -0.9734 43.7924 0.925718 14.0756 -117.479 50.1517 76.6841 -33.0579 296.504 69.3198 -33.1569 -33.7837 44.2766 74.6696 745.498 -209.941 13.8671 -77.8759
layer: 0 neuron: 19 69.4552 49.6992 49.2968 57.6365 582.098 -122.941 -83.7967 7.5089 -161.958 15.5856 -46.2285 87.8009 -46.7095 5.0103 -19.3758 -43.4468 10.4343 -56.547 -36.8565 -33.3683 -12.9121 -69.5146 56.4505 32.1901 396.87 -79.6249 48.6179 -28.2737 -24.1209 769.597 -27.301 -66.0788 -89.7101 114.815 63.3194 -46.7288 647.769 -128.128 -128.278 26.9022 -14.4664 147.391 43.6949 -38.4649 -2.25707 -35.5889 -65.9962 20.5583 111.156 14.3387 239.06 58.3491 -68.1862 -41.5904 39.9342 44.2131 722.077 -97.3603 -1.86784 -32.7125
layer: 0 neuron: 20 9.45137 18.728 82.2047 26.4723 643.17 -68.8987 -5.464 -67.414 -81.396 42.3578 -33.7141 66.5893 -90.9591 -31.6024 -54.455 -73.3163 19.5548 -92.5077 9.72357 -41.7555 14.1734 -42.286 39.4509 15.6905 397.491 -105.847 51.4712 -65.9803 2.55209 845.233 35.933 -43.5158 -74.2262 174.436 104.65 -37.931 717.048 -191.672 -162.824 108.136 48.6374 122.1 118.201 6.0496 -61.6952 26.8735 -4.56892 54.7456 77.5012 32.7064 318.103 113.448 -88.9585 -60.9535 40.7576 79.6499 793.836 -108.232 -60.3885 1.75887
layer: 0 neuron: 21 63.3974 46.8952 23.4871 -27.3356 647.488 -4.88605 -30.9927 12.8444 -36.6353 -13.9372 -10.0299 52.1386 -2.72142 -59.1546 -57.4368 -57.2952 -33.091 -45.7411 19.7246 -87.5676 12.0347 -5.78589 58.8846 -20.9544 438.916 -46.2221 -32.0458 -51.2467 -17.54 861.871 43.1264 -23.8856 -30.0233 46.2363 26.1106 27.6969 726.489 -68.7125 -16.7122 35.9974 18.332 9.47229 0.98499 39.4058 -28.5665 6.80693 -47.6078 16.723 60.2512 -1.18401 88.7619 22.404 8.6873 -13.7887 4.03563 50.4033 809.798 -152.956 -24.2556 -54.7206
layer: 0 neuron: 22 88.2439 84.4706 -5.20618 -5.87671 595.741 -71.0226 -110.895 47.5594 -58.9911 -29.6625 -29.3207 69.7778 47.2563 -52.3134 -27.5651 -52.2545 -40.2056 11.1721 35.8507 -103.462 22.2465 -29.101 65.5687 -47.2934 400.351 12.3752 -17.944 -43.1612 -28.8276 811.593 50.9441 -38.6467 -48.907 11.3852 23.6259 26.1187 670.282 -10.04 4.71436 7.11513 -20.0457 3.33135 -28.4565 45.8004 -17.506 -43.8724 -62.9972 15.9341 106.589 34.4541 69.4512 4.50062 29.5786 -23.3053 -21.4249 8.74993 761.667 -143.201 -18.5517 -44.6251
layer: 0 neuron: 23 131.228 79.409 137.647 13.7686 246.736 -142.343 -115.955 213.342 -309.925 100.932 -70.9794 -65.1245 -6.16036 10.249 -155.062 95.8318 -67.9887 134.353 -318.145 -5.43412 -116.222 -233.401 120.289 268.943 380.865 261.759 -147.372 180.799 -87.7252 342.114 -209.103 -160.008 134.487 361.645 -128.567 179.155 261.087 262.382 159.528 -278.921 -33.2557 310.756 -316.722 -378.017 6.84484 -33.1748 -71.5484 61.8479 240.262 18.1218 -674.557 -24.8758 317.476 -0.643005 57.2254 -209.161 300.691 10.1401 -7.73958 -194.114
layer: 0 neuron: 24 43.6208 -95.3617 30.8196 -50.6858 732.169 78.2489 46.05 -20.0043 -154.03 51.8619 -82.7269 53.1182 7.56193 -15.4693 -334.495 -45.7657 37.3625 -169.991 -200.604 -97.8096 20.757 33.8693 -30.5539 162.149 452.909 135.027 -96.1688 -51.4329 128.914 951.367 -3.22253 -22.2433 107.664 199.037 -62.0899 31.2093 840.378 172.028 227.897 -153.772 -36.0164 -66.8114 -157.825 -31.4115 101.45 99.1993 -15.6692 59.7408 32.8468 -118.599 -246.261 -0.615156 117.827 -97.0127 -14.4682 -88.5845 923.996 -9.43211 -11.298 -253.765
layer: 0 neuron: 25 150.161 -100.951 90.5034 -58.9088 600.287 197.984 73.9266 -49.3745 -34.6393 145.147 29.0557 164.493 36.6776 69.8876 -216.292 -98.1524 46.1711 -199.357 -223.342 -12.5968 -32.9128 91.9247 -4.62696 197.932 429.669 -67.1192 -8.00532 1.077 72.8626 799.058 93.0051 46.9751 35.8129 180.698 37.8317 3.42166 672.016 251.787 365.862 -87.9645 43.8535 -47.8536 -141.351 66.1639 93.3305 77.1698 5.27057 59.1096 11.6378 -71.409 -166.085 37.6559 131.555 -7.58469 82.8234 103.438 748.853 7.39539 138.257 -135.861
layer: 0 neuron: 26 125.299 -52.5766 38.806 -42.3576 718.917 110.153 34.173 78.9041 24.6443 59.6272 79.8966 57.2088 129.303 -34.9964 -252.763 -118.5 -47.2722 40.6331 -56.3404 -133.393 92.1287 48.7935 75.0537 63.6334 492.413 138.62 -97.7367 28.0486 8.93395 935.61 77.4136 43.4122 -20.0415 59.9539 -17.8216 158.969 788.999 135.189 276.987 11.9809 12.1392 -9.1301 -83.1996 53.652 -15.9738 22.5376 156.531 -9.87344 9.38219 -11.2585 -224.838 10.7756 24.1961 15.2548 90.4739 111.316 875.463 2.70259 68.1589 -28.3047
layer: 0 neuron: 27 69.585 0.519739 7.7814 -38.9508 779.928 63.4567 -31.7794 21.8603 -33.2063 -5.24618 14.9712 68.6101 145.686 -101.955 -94.7774 -83.6637 -47.1183 61.9501 20.3642 -135.78 58.7511 31.1505 68.5425 8.89255 557.558 84.73 -96.2517 -6.26208 22.7196 1008.24 145.176 36.907 -25.8917 14.5343 29.3531 118.427 851.528 73.6899 219.539 17.0917 23.6285 -64.0459 -76.7408 65.2573 -29.5128 3.80431 58.2797 8.28882 7.59875 -8.99774 -155.483 -18.8304 21.0707 5.71496 27.0864 76.921 953.937 -109.272 31.4034 -76.5022
layer: 0 neuron: 28 -11.6928 31.8801 50.1594 -41.4974 712.725 -29.1333 -56.8903 -11.7272 -84.9638 -36.2574 -58.7279 79.1811 66.213 -90.2636 -64.1004 13.0051 -2.33759 11.6217 13.4127 -175.649 46.4199 5.2476 24.6437 -7.40151 484.182 136.069 -114.692 -65.2046 72.788 944.396 110.339 -7.15055 36.3018 127.518 76.3952 40.601 801.303 25.8111 30.2334 -16.0679 -4.56521 -52.7596 -36.6434 47.9355 -14.8049 -20.8691 -44.4487 43.4523 71.2411 -35.1658 -98.3885 -45.7788 68.0881 -82.3461 -58.9442 -104.707 900.302 -109.525 -115.508 -107.762
layer: 0 neuron: 29 17.9387 73.3436 2.35899 2.30569 646.782 -18.8627 -38.6946 54.8611 -9.76336 -31.452 -7.66352 64.9063 40.532 -29.5742 -104.808 -18.0706 -11.1859 11.7379 0.906306 -128.586 34.8873 17.1886 47.7242 -54.1036 403.196 85.4794 -50.863 -21.9922 0.876365 872.099 49.0183 21.6873 10.594 41.5976 25.4703 39.0727 726.8 47.4073 56.2732 -56.1157 -2.03325 -10.2064 -34.0183 66.9559 -28.8868 0.420647 -22.3409 17.8709 77.5007 25.0959 -20.7706 -9.55985 82.3718 -39.2844 -6.91315 -27.5804 818.483 -130.213 -56.9731 -48.8699
layer: 0 neuron: 30 83.4122 -15.4336 -30.9889 -11.0167 962.812 56.0866 253.202 41.6935 128.95 -13.602 106.84 -49.6743 -108.921 53.0794 -104.265 -98.5172 -64.6765 234.538 150.585 -4.61531 -93.8565 -34.8969 75.3721 -197.616 692.341 -152.97 -36.448 -36.8405 -258.617 1158.43 -158.679 -9.41768 -41.4433 -131.145 -95.1373 46.211 987.817 -133.149 -9.7521 45.6283 13.5185 117.374 -27.2925 63.0266 -67.2813 159.51 34.4473 -57.8417 21.4023 78.5536 269.044 13.0946 -93.6605 -15.465 188.906 71.3599 1069.87 -243.713 -71.625 146.349
layer: 0 neuron: 31 59.4936 -22.2208 -1.1512 -33.2273 785.806 115.448 148.26 26.7951 100.328 14.1933 56.1059 28.8672 -31.6912 40.4202 -55.4159 -106.426 -48.0401 182.427 86.2102 -36.5749 -134.67 -24.5738 76.3865 -96.462 735.628 -105.404 -37.4471 -22.6421 -192.581 862.386 -3.24094 -10.7927 -15.5661 -34.3193 -28.3433 73.7539 709.286 -74.2098 14.3348 53.3067 41.4375 69.637 -49.9979 71.0657 -67.9293 86.3473 -7.55398 20.6691 20.678 2.72379 106.449 24.7519 -10.548 -34.8345 182.391 48.5924 735.915 -307.386 -10.9528 76.5801
layer: 0 neuron: 32 69.4868 -7.13959 -2.2337 -32.1373 368.459 61.1646 79.9455 40.5108 147.071 22.0826 42.4651 64.848 25.477 74.6272 -49.1709 -129.548 -37.0667 145.394 108.809 -91.9618 -72.3336 -12.2875 40.9991 -125.832 405.148 -79.4636 -3.05999 -39.7171 -167.121 321.622 53.6639 -36.0606 -32.8965 -52.2126 -6.87602 58.7777 194.454 -73.1302 -71.8893 89.6433 31.5026 60.7547 -10.2606 149.157 -82.7031 15.2331 2.43891 -43.4283 33.0496 28.1517 155.642 9.76126 -32.381 -67.5781 129.991 43.0121 158.308 -261.046 -8.50988 137.877
layer: 0 neuron: 33 205.712 109.701 -43.0204 -37.7431 663.595 -98.7478 19.3556 -33.911 -67.8867 -50.2516 -26.0733 124.871 -6.62342 3.43541 -27.3779 -123.562 -69.0588 157.134 153.451 -34.037 -130.118 -57.8723 67.3215 -183.493 585.601 -115.03 -28.5406 -67.491 -205.863 580.236 44.2122 -95.3233 -21.1073 -85.701 -20.4561 9.33778 417.024 35.2294 124.687 -28.8048 36.0157 -22.3689 -109.46 149.774 -58.3938 103.171 -120.833 51.4606 84.5381 139.573 194.03 27.1328 37.1792 -78.9837 76.4299 103.718 393.098 -294.55 -72.8342 -5.60227
layer: 0 neuron: 34 225.322 93.1082 9.17624 -5.48868 203.657 -161.396 -69.218 29.287 -33.3595 -39.0473 -32.1437 166.022 -6.65389 67.1205 -44.8683 -120.84 -44.9689 82.0797 102.394 -53.8499 -54.9859 -64.3515 92.1767 -61.5433 182.528 -141.55 37.8618 -95.1551 -182.586 22.4656 13.3807 -132.069 -31.9095 -5.36216 -6.88749 -34.0663 -106.489 -60.5525 26.0034 26.5283 57.1637 26.7505 14.1085 139.351 -50.5429 53.1733 -121.338 37.5187 126.082 171.606 382.625 79.571 -8.05753 -68.4225 52.1981 132.434 -193.252 -267.886 -22.6692 29.0894
layer: 0 neuron: 35 154.544 62.6557 58.4611 -22.1567 -88.8502 -134.21 -161.733 44.2078 -3.06399 8.25303 -68.0023 185.351 103.274 71.744 -124.179 -138.807 -54.2497 20.7844 73.7433 -117.654 36.116 -64.0534 54.3195 9.97046 59.5105 11.5294 32.4933 -108.701 -88.6967 -386.35 125.779 -164.723 -17.0344 92.8849 48.5813 26.4769 -491.587 -85.3856 -61.1371 72.9273 44.4991 47.5386 32.5861 150.19 -76.103 -47.9594 -77.4464 63.396 133.328 99.057 200.095 90.4705 -10.0586 -105.787 35.4797 77.4606 -637.746 -224.403 -9.9286 47.7209
layer: 0 neuron: 36 195.174 89.721 53.0453 -72.5502 -405.593 -190.18 -150.794 52.8797 -37.0295 22.1949 -77.3078 207.067 76.0301 65.8733 -136.288 -155.12 -36.5698 -42.9725 31.5039 -187.832 20.8041 -19.559 32.6473 -28.1313 -117.538 56.6734 1.64943 -91.9006 -47.1739 -830.587 133.914 -148.226 -22.042 90.2906 23.623 7.8876 -907.448 34.1331 -45.1501 81.6807 20.8335 -13.0926 12.9608 174.973 -55.3576 -69.85 -64.2875 15.1518 165.965 84.109 178.814 73.7641 56.2521 -154.99 -5.72315 14.4347 -1123.03 -199.56 -68.0128 45.3785
layer: 0 neuron: 37 83.6303 -15.2155 -30.7708 -10.7986 963.031 56.3047 253.42 41.9116 129.168 -13.3839 107.058 -49.4562 -108.703 53.2975 -104.046 -98.2991 -64.4584 234.756 150.804 -4.39723 -93.6384 -34.6788 75.5902 -197.398 692.559 -152.752 -36.23 -36.6224 -258.399 1158.64 -158.461 -9.1996 -41.2252 -130.927 -94.9192 46.4291 988.035 -132.931 -9.53401 45.8464 13.7366 117.592 -27.0744 63.2447 -67.0633 159.728 34.6654 -57.6236 21.6204 78.7717 269.262 13.3127 -93.4425 -15.2469 189.124 71.5779 1070.09 -243.495 -71.407 146.567
layer: 0 neuron: 38 58.9795 -22.7349 -1.66532 -33.7414 785.292 114.934 147.746 26.281 99.8141 13.6791 55.5917 28.3531 -32.2053 39.9061 -55.93 -106.94 -48.5543 181.912 85.6961 -37.089 -135.184 -25.0879 75.8723 -96.9762 735.114 -105.918 -37.9612 -23.1563 -193.095 861.872 -3.75505 -11.3068 -16.0802 -34.8335 -28.8575 73.2398 708.771 -74.7239 13.8207 52.7926 40.9233 69.1229 -50.512 70.5515 -68.4434 85.8332 -8.0681 20.155 20.1639 2.20967 105.935 24.2378 -11.0622 -35.3486 181.877 48.0783 735.401 -307.9 -11.4669 76.066
layer: 0 neuron: 39 69.7418 -6.88454 -1.97866 -31.8823 368.714 61.4196 80.2006 40.7659 147.326 22.3377 42.7201 65.1031 25.7321 74.8823 -48.9158 -129.293 -36.8117 145.649 109.064 -91.7067 -72.0786 -12.0324 41.2541 -125.577 405.404 -79.2085 -2.80495 -39.4621 -166.866 321.877 53.919 -35.8055 -32.6415 -51.9576 -6.62098 59.0327 194.709 -72.8752 -71.6343 89.8984 31.7576 61.0097 -10.0055 149.413 -82.448 15.4881 2.69395 -43.1733 33.3047 28.4068 155.897 10.0163 -32.126 -67.3231 130.246 43.2672 158.563 -260.791 -8.25483 138.132
layer: 0 neuron: 40 205.909 109.897 -42.8238 -37.5465 663.791 -98.5512 19.5522 -33.7144 -67.6901 -50.055 -25.8767 125.067 -6.42682 3.63201 -27.1813 -123.365 -68.8622 157.331 153.647 -33.8404 -129.921 -57.6757 67.5181 -183.296 585.797 -114.834 -28.344 -67.2944 -205.666 580.432 44.4088 -95.1267 -20.9107 -85.5044 -20.2595 9.53438 417.22 35.426 124.884 -28.6082 36.2123 -22.1723 -109.263 149.971 -58.1972 103.368 -120.636 51.6572 84.7347 139.77 194.227 27.3294 37.3758 -78.7871 76.6265 103.915 393.294 -294.354 -72.6376 -5.40567
layer: 0 neuron: 41 225.047 92.833 8.90102 -5.76389 203.382 -161.671 -69.4932 29.0117 -33.6347 -39.3225 -32.4189 165.747 -6.92911 66.8453 -45.1435 -121.116 -45.2441 81.8045 102.119 -54.1252 -55.2611 -64.6267 91.9015 -61.8185 182.253 -141.826 37.5866 -95.4303 -182.862 22.1904 13.1055 -132.345 -32.1847 -5.63737 -7.16271 -34.3415 -106.764 -60.8277 25.7282 26.2531 56.8885 26.4753 13.8333 139.076 -50.8182 52.8981 -121.614 37.2435 125.807 171.331 382.35 79.2958 -8.33274 -68.6977 51.9229 132.159 -193.528 -268.162 -22.9444 28.8142
layer: 0 neuron: 42 154.327 62.4384 58.2438 -22.3741 -89.0676 -134.428 -161.95 43.9905 -3.28134 8.03568 -68.2197 185.133 103.056 71.5266 -124.396 -139.024 -54.4671 20.567 73.526 -117.871 35.8987 -64.2707 54.1021 9.75311 59.2932 11.3121 32.2759 -108.919 -88.9141 -386.567 125.561 -164.941 -17.2517 92.6675 48.3639 26.2595 -491.805 -85.603 -61.3545 72.7099 44.2817 47.3213 32.3687 149.973 -76.3203 -48.1767 -77.6638 63.1786 133.111 98.8396 199.877 90.2532 -10.276 -106.005 35.2624 77.2433 -637.963 -224.621 -10.146 47.5036
layer: 0 neuron: 43 194.752 89.299 52.6233 -72.9722 -406.015 -190.602 -151.216 52.4577 -37.4514 21.773 -77.7297 206.645 75.6081 65.4513 -136.709 -155.542 -36.9917 -43.3944 31.082 -188.254 20.3821 -19.9809 32.2253 -28.5533 -117.96 56.2515 1.22748 -92.3226 -47.5959 -831.009 133.492 -148.648 -22.4639 89.8686 23.2011 7.46565 -907.87 33.7112 -45.572 81.2588 20.4116 -13.5146 12.5389 174.551 -55.7795 -70.272 -64.7095 14.7299 165.543 83.6871 178.392 73.3422 55.8301 -155.412 -6.1451 14.0127 -1123.45 -199.982 -68.4347 44.9566
layer: 0 neuron: 44 -46.9185 -81.8924 -13.2339 -5.52437 -671.196 47.6696 87.8241 -45.0248 47.131 25.988 16.703 -63.9351 -42.3451 60.8037 72.5091 62.3022 36.0143 2.52665 -31.2739 107.235 -45.1669 14.9761 -66.6802 41.5446 -435.791 -14.0106 16.8512 37.8252 20.0634 -903.371 -54.0253 18.178 45.6159 -41.2241 -38.5978 -26.5415 -750.804 32.6901 -2.29192 -6.55233 0.27804 -29.1412 6.66515 -45.8088 35.6933 30.4456 33.2475 -22.1167 -94.6949 -35.2883 -89.9102 -21.4127 -15.7773 23.2212 -1.34957 -23.6895 -848.261 136.438 17.5374 41.1976
layer: 0 neuron: 45 -46.8098 -81.7837 -13.1253 -5.41569 -671.087 47.7783 87.9328 -44.9162 47.2396 26.0967 16.8116 -63.8264 -42.2364 60.9124 72.6178 62.4109 36.1229 2.63533 -31.1652 107.343 -45.0582 15.0847 -66.5715 41.6533 -435.682 -13.902 16.9598 37.9339 20.1721 -903.262 -53.9166 18.2867 45.7246 -41.1155 -38.4891 -26.4328 -750.695 32.7988 -2.18325 -6.44365 0.386716 -29.0325 6.77383 -45.7001 35.802 30.5543 33.3562 -22.008 -94.5863 -35.1796 -89.8016 -21.3041 -15.6686 23.3299 -1.24089 -23.5808 -848.152 136.547 17.6461 41.3063
layer: 0 neuron: 46 -46.4458 -81.4198 -12.7613 -5.05173 -670.723 48.1423 88.2968 -44.5522 47.6036 26.4607 17.1756 -63.4624 -41.8724 61.2764 72.9817 62.7748 36.4869 2.9993 -30.8013 107.707 -44.6943 15.4487 -66.2075 42.0172 -435.318 -13.538 17.3238 38.2979 20.5361 -902.898 -53.5526 18.6507 46.0885 -40.7515 -38.1251 -26.0688 -750.331 33.1627 -1.81928 -6.07969 0.75068 -28.6685 7.13779 -45.3361 36.166 30.9182 33.7201 -21.644 -94.2223 -34.8156 -89.4376 -20.9401 -15.3047 23.6939 -0.876929 -23.2168 -847.788 136.911 18.0101 41.6703
layer: 0 neuron: 47 -46.3718 -81.3457 -12.6873 -4.97769 -670.649 48.2163 88.3708 -44.4782 47.6776 26.5347 17.2496 -63.3884 -41.7984 61.3504 73.0558 62.8489 36.5609 3.07333 -30.7272 107.781 -44.6202 15.5227 -66.1335 42.0913 -435.244 -13.464 17.3978 38.3719 20.6101 -902.824 -53.4786 18.7247 46.1626 -40.6775 -38.0511 -25.9948 -750.257 33.2368 -1.74524 -6.00565 0.824718 -28.5945 7.21183 -45.2621 36.24 30.9923 33.7942 -21.57 -94.1483 -34.7416 -89.3636 -20.8661 -15.2306 23.7679 -0.802891 -23.1428 -847.714 136.985 18.0841 41.7443
layer: 0 neuron: 48 -47.299 -82.2729 -13.6145 -5.9049 -671.576 47.2891 87.4436 -45.4054 46.7504 25.6075 16.3224 -64.3156 -42.7256 60.4232 72.1285 61.9216 35.6337 2.14612 -31.6544 106.854 -45.5474 14.5955 -67.0607 41.1641 -436.171 -14.3912 16.4706 37.4447 19.6829 -903.751 -54.4058 17.7975 45.2354 -41.6047 -38.9783 -26.922 -751.184 32.3096 -2.67246 -6.93286 -0.102495 -29.5217 6.28461 -46.1893 35.3128 30.0651 32.867 -22.4972 -95.0755 -35.6688 -90.2908 -21.7933 -16.1578 22.8407 -1.7301 -24.07 -848.642 136.058 17.1569 40.8171
layer: 0 neuron: 49 -47.2796 -82.2536 -13.5951 -5.88552 -671.557 47.3085 87.463 -45.386 46.7698 25.6269 16.3418 -64.2962 -42.7062 60.4426 72.1479 61.941 35.6531 2.1655 -31.6351 106.873 -45.5281 14.6149 -67.0413 41.1835 -436.152 -14.3718 16.49 37.4641 19.7023 -903.732 -54.3864 17.8169 45.2547 -41.5853 -38.9589 -26.9026 -751.165 32.3289 -2.65308 -6.91348 -0.0831162 -29.5023 6.30399 -46.1699 35.3322 30.0844 32.8863 -22.4778 -95.0561 -35.6494 -90.2714 -21.7739 -16.1385 22.8601 -1.71073 -24.0506 -848.622 136.077 17.1763 40.8365
layer: 0 neuron: 50 -46.9188 -81.8927 -13.2343 -5.52467 -671.196 47.6693 87.8238 -45.0252 47.1307 25.9877 16.7026 -63.9354 -42.3454 60.8034 72.5088 62.3019 36.014 2.52635 -31.2742 107.234 -45.1672 14.9758 -66.6805 41.5443 -435.791 -14.0109 16.8509 37.8249 20.0631 -903.371 -54.0256 18.1777 45.6156 -41.2245 -38.5981 -26.5418 -750.804 32.6898 -2.29223 -6.55263 0.277735 -29.1415 6.66484 -45.8091 35.693 30.4453 33.2472 -22.117 -94.6952 -35.2886 -89.9105 -21.413 -15.7776 23.2209 -1.34987 -23.6898 -848.261 136.438 17.5371 41.1973
layer: 0 neuron: 51 123.742 26.423 12.6815 41.4273 -439.75 -81.5374 -3.84842 -36.5063 -57.9335 -3.46902 77.9484 4.17032 176.423 37.1351 151.35 47.9603 -87.7803 117.052 78.4486 105.898 -22.5511 -93.1723 -8.77394 62.8527 269.008 73.375 -29.6765 161.897 -98.9547 -743.853 57.0197 27.1349 9.85 -59.5894 12.5039 -4.70823 -729.871 -94.8128 13.0603 -6.1296 13.5784 -109.892 -72.6484 -132.108 19.7993 -67.3905 -63.7697 86.6096 -79.8302 35.4571 -254.267 -17.0203 -5.99438 111.445 174.928 -37.7306 -910.55 -215.003 -112.241 -2.50103
layer: 0 neuron: 52 516.502 136.606 22.9683 -11.0772 -635.849 161.84 -76.3558 289.437 -163.568 -137.8 -2.34705 -28.6286 152.903 -129.197 -9.40683 -183.484 -175.815 205.814 50.0757 -155.808 7.52296 -75.1807 611.016 119.281 379.621 23.2488 -211.389 112.063 -95.0704 -1099.77 -3.45628 54.7322 4.29855 -44.4214 7.29055 196.129 -1084.68 -131.531 313.647 193.027 -1.59802 18.9071 155.626 -315.882 -49.2258 -24.1065 -20.5101 199.717 42.0331 -56.8612 -103.887 130.884 10.6501 136.878 7.17087 71.3742 -1382.94 -343.238 -116.38 -188.771
layer: 0 neuron: 53 -39.3991 -149.022 -37.4939 -236.795 -5.36542 237.874 38.1097 100.501 326.647 -49.8468 200.465 -161.672 -153.676 -307.878 -294.591 -28.129 -180.732 -67.4125 4.66752 -96.123 -95.0333 20.7434 40.0174 87.7331 188.322 -211.678 -11.8171 -51.5291 -214.991 -383.257 -134.954 49.7247 -288.097 51.1281 45.1455 38.9529 -449.976 64.5296 -28.6483 19.8921 30.9901 48.0734 -175.797 -65.6296 -82.8536 120.718 102.023 -18.8269 -68.5963 -88.4659 126.218 1.6598 46.2192 268.37 9.14213 39.6085 -657.569 -46.7047 232.759 -223.127
layer: 0 neuron: 54 -411.583 67.3792 158.613 65.6531 33.7168 -239.48 72.8871 -180.036 -245.778 5.62773 4.97023 -43.3503 -153.379 -119.95 -238.662 63.0099 -93.4425 -130.439 -83.5371 150.461 372.992 -3.88104 -245.993 -70.0057 3.46659 -92.0908 58.1746 -123.73 101.863 -293.969 -151.656 30.7542 -20.2881 215.606 110.1 -132.783 -418.558 -16.2364 -29.137 -288.066 35.7954 148.933 -47.4689 135.572 -24.3324 183.698 23.5012 13.0415 178.675 45.2706 376.906 -4.11987 -109.131 -74.0872 100.626 13.888 -580.828 43.6979 127.325 -204.298
layer: 0 neuron: 55 -305.182 156.63 -65.2602 44.5612 -214.116 2.211 -10.8902 -54.1491 -158.992 -5.9197 -116.409 -33.3534 -142.937 -46.0904 -278.902 132.159 116.56 -137.316 -171.709 -2.41679 156.057 66.3364 -194.092 -123.502 -172.432 -2.9426 55.2892 -191.069 148.562 -582.697 -138.789 72.5694 95.4084 94.8471 90.2723 -140.791 -660.089 35.5976 -33.4245 -209.942 -48.5711 134.297 -50.1069 105.811 34.1634 42.1012 -40.6485 -86.4397 183.73 -55.3705 198.99 -95.3201 -10.8116 -138.429 -128.503 22.1673 -830.741 104.021 155.45 -226.011
layer: 0 neuron: 56 183.268 196.324 -28.845 152.205 -315.275 160.552 -21.7449 211.019 -172.856 -17.3762 -55.2082 49.837 10.4899 -110.488 208.843 114.989 137.747 253.014 47.0214 -67.5446 -125.694 35.6614 328.693 -177.496 60.6368 258.319 -146.362 -19.9702 -45.9567 -661.682 67.8955 90.7707 112.208 77.3181 33.5654 225.551 -694.785 -7.77758 194.519 -27.7543 -114.701 -39.079 -16.0899 -96.4372 97.3425 -11.8548 -190.659 113.933 266.933 -12.6502 -92.908 -40.2495 270.28 58.8958 -168.845 -162.025 -905.642 -400.473 -333.886 -139.046
layer: 0 neuron: 57 34.7203 -0.36556 2.47133 18.2026 445.602 113.411 122.399 -75.9306 193.886 -37.3455 78.2265 -54.1571 195.549 66.22 53.6036 -31.6669 -98.93 -14.8157 14.2871 58.8302 -198.099 -106.805 -30.2022 -36.0336 434.751 -1.50218 -64.9565 29.3974 -154.936 210.547 66.0477 30.0507 -70.3517 -165.435 -40.392 47.7604 159.312 -72.6248 -110.636 -1.21369 61.1997 61.6755 -124.959 -79.1704 -2.58782 20.8149 120.246 -7.9681 -116.708 50.0625 -451.858 100.858 -80.2882 58.4403 79.476 154.045 34.2297 -176.308 -19.2044 86.8271
layer: 0 neuron: 58 -47.2926 -82.2666 -13.6081 -5.89852 -671.57 47.2955 87.45 -45.399 46.7568 25.6139 16.3288 -64.3092 -42.7192 60.4296 72.1349 61.928 35.6401 2.1525 -31.6481 106.86 -45.5411 14.6019 -67.0543 41.1705 -436.165 -14.3848 16.477 37.4511 19.6893 -903.745 -54.3994 17.8039 45.2417 -41.5983 -38.9719 -26.9156 -751.178 32.3159 -2.66608 -6.92648 -0.0961171 -29.5153 6.29099 -46.1829 35.3192 30.0714 32.8733 -22.4908 -95.0691 -35.6624 -90.2844 -21.7869 -16.1515 22.8471 -1.72373 -24.0636 -848.635 136.064 17.1633 40.8235
layer: 1 neuron: 0 0.458672 -0.892291 0.696829 0.885153 1.09188 -1.54206 -0.183209 1.87819 2.5669 -1.03096 2.63206 -1.42499 -3.73256 -1.74268 2.74638 0.611011 -7.7206 6.71294 3.965 3.40518 -1.22745 2.29174 0.90147 1.7667 1.22673 -0.361383 -0.205165 1.95643 -1.44366 -2.70359 0.335681 -12.8968 5.15544 -0.705779 -2.17664 0.339396
layer: 1 neuron: 1 1.69391 1.33922 3.72416 5.65584 -1.90636 1.9936 -2.2541 -5.35744 -1.0078 -1.1676 -9.16212 1.37513 -5.63653 -3.33041 -3.54874 -3.54175 2.55835 4.46088 1.11439 5.131 -1.34577 5.778 -2.91071 5.47231 0.146246 0.40098 -1.52849 -0.924372 -4.16989 0.607255 5.76701 -2.07641 1.3994 2.78672 -1.43632 0.0908841
layer: 1 neuron: 2 -0.316365 -2.69291 -1.54278 -3.84066 6.83916 -4.20046 5.51736 -3.42674 -0.404736 0.296757 2.61606 -1.07932 1.11523 -0.389379 3.18244 4.01522 6.46108 -0.9272 5.78089 0.675099 -0.276379 1.56771 1.18759 -1.20055 2.77495 -1.15478 0.81666 -4.9062 4.39799 1.66858 -2.38629 2.01693 -6.39877 -1.84957 0.754621 0.346355
layer: 1 neuron: 3 5.7323 -1.58855 0.355267 -1.09258 0.497721 0.489818 0.10196 -5.35047 -0.893254 -0.158215 0.979656 -6.26856 3.61985 -3.89382 -1.40435 -4.97161 0.494967 -2.08633 -3.61521 4.84004 2.658 -0.30593 -0.664138 4.37933 -3.79637 0.46545 3.33505 0.232491 -0.151707 -2.84848 1.49637 2.67927 -2.56652 4.8184 3.97625 0.565172
layer: 1 neuron: 4 13.3446 14.907 15.6377 15.5217 12.8401 11.7884 14.5199 16.6322 19.2225 13.8417 14.5134 17.1461 15.7043 17.8002 15.9421 10.6599 13.4077 14.1514 21.872 12.6454 15.2502 14.7599 14.6942 17.1878 14.3462 11.4065 12.5444 14.6466 8.61382 14.9482 17.5322 19.5773 12.9827 12.0375 15.1369 0.907926
layer: 1 neuron: 5 5.35011 -3.00346 -3.72635 3.23981 -1.21073 1.99694 -0.352727 -1.36792 -2.25967 0.388508 -0.95889 3.37575 0.206604 8.61874 -3.80143 -0.128772 -0.252764 -1.47945 -4.7796 -3.86394 -5.06577 -2.02285 -4.08889 -0.27954 -4.1932 -1.4168 10.014 -1.93031 0.254169 -7.46565 1.55456 -6.72427 -1.53997 -2.66011 -4.35757 0.518326
layer: 1 neuron: 6 -8.24174 3.23402 0.610351 -5.00687 2.63962 -3.78646 8.99702 -6.60243 -1.37284 3.27815 5.50389 3.98626 -5.10924 -8.02714 -5.3245 -0.529243 5.08336 -4.8401 -2.30508 -0.812779 -1.7293 -4.43915 -0.0353561 0.289847 3.57055 -3.74892 11.2447 2.89838 2.65608 6.78816 -8.31115 0.743484 -1.16856 -0.762703 -5.50023 0.362468
layer: 1 neuron: 7 1.88785 -4.32004 5.89498 -3.56849 -0.685725 3.10186 -0.298324 7.20242 -5.03135 -2.45566 -6.61827 -10.9307 8.38087 -2.7489 5.85068 1.31653 -5.0542 -2.43732 6.83158 -1.86112 6.09149 2.08958 5.52955 -4.55195 -1.78015 -0.47579 2.69043 -3.38471 -1.9839 -5.93321 1.61275 -3.76881 2.00561 7.18711 2.46979 0.529954
layer: 1 neuron: 8 -2.42755 1.66988 -0.114851 -1.69302 -0.809124 -1.38993 -2.86271 3.30954 -6.07453 2.4735 -1.51403 2.08143 1.10264 6.91283 -0.66862 1.53199 -0.56701 0.527817 -0.438714 2.53433 1.96075 -2.68554 3.91588 -0.912389 -8.19411 -2.03904 7.6952 8.83772 -0.235051 0.362746 2.22282 -9.05607 5.04784 -0.695175 8.30323 0.249397
layer: 1 neuron: 9 0.346828 3.8271 -3.16129 2.32891 -3.4275 -0.678628 1.79089 2.61198 1.06158 0.0811832 -0.492831 -0.856249 -2.3576 0.528566 -0.518332 0.524193 -1.17171 2.99941 -2.86989 -3.62514 -1.21115 1.61354 -0.154953 -0.320177 -0.233483 -0.543572 0.552611 -9.50533 -1.05362 3.24796 -4.37581 -3.74949 -1.15052 -0.795845 -0.118277 0.960112
layer: 1 neuron: 10 -0.726165 -0.685133 1.34007 6.58224 2.14497 -1.3349 -0.0863791 4.466 -1.88011 8.56187 4.01311 0.592657 -3.25979 -1.78046 -1.96189 -1.73035 -1.33246 1.93408 -0.313089 4.9569 -2.56251 1.51302 3.84028 -5.45149 0.465308 -3.30539 3.09962 2.59334 -0.892924 -3.23552 -0.0358344 -6.14382 -2.90212 -7.11197 2.14911 0.116855
layer: 1 neuron: 11 1.67719 0.832688 1.06486 6.25834 -1.88047 -1.79764 -3.96337 -0.878658 1.53186 2.67754 2.06596 0.638473 2.8676 -5.7545 0.563169 2.43967 -3.49536 -5.70063 2.39189 -0.59332 -2.49949 -3.42662 1.33234 1.24485 -2.14416 4.3507 -2.86014 -1.2326 0.826827 1.41628 -1.08138 -4.00201 0.306763 0.500283 -0.302956 0.591998
layer: 1 neuron: 12 -5.49072 -2.50058 4.91563 -7.57865 -0.318973 6.00001 -1.59198 -1.01729 -5.17263 -3.62395 2.13084 4.0349 5.37751 2.47444 1.66602 3.66284 3.17587 -0.913778 1.48785 -2.79003 5.41895 4.59773 -0.539714 -4.98431 -8.35226 4.48959 -12.2067 0.899011 -1.05281 2.52491 -4.27024 -4.52492 -0.421544 3.60514 -0.75022 0.394208
layer: 1 neuron: 13 -5.64713 2.85987 -4.86367 -2.02738 1.84513 0.622337 -2.90715 4.04672 -2.08767 1.18484 7.07943 -0.758819 -10.0731 -5.47808 0.738639 0.561113 -13.7746 -0.596116 0.49489 -2.54979 10.1418 -3.50769 3.11518 8.40363 -4.8276 1.85019 7.73359 -0.539381 0.164795 5.09378 -9.04114 2.81589 3.31879 3.42179 7.01603 0.612781
layer: 1 neuron: 14 4.93081 -1.96434 -9.46785 -1.34758 -3.52918 -4.91976 1.56698 -2.80384 -2.85388 -3.36993 3.62076 -9.17485 2.78078 6.75657 -4.7767 5.02434 5.44889 6.09447 -0.612523 -3.40877 11.0002 4.79208 6.13851 10.7958 2.56127 5.52678 -4.47166 18.2198 -7.49979 -1.88214 8.70706 0.570667 -7.77118 1.07884 0.277646 0.657216
layer: 1 neuron: 15 -0.557547 -1.8343 -0.36405 0.917849 0.746902 -0.772475 -2.61874 2.57818 -2.46274 -0.576118 -0.28141 0.348981 0.225234 7.43485 -2.56489 -0.351389 1.92217 -0.386383 -0.875753 -0.5767 -1.13361 -4.20236 4.90297 3.40801 0.303674 -2.64683 -1.20971 3.93568 -0.873124 -3.02015 6.68597 2.67933 0.589441 -0.26933 -0.743543 0.196631
layer: 1 neuron: 16 4.39019 5.32284 0.203318 0.129455 3.51216 -5.16924 -4.6174 -0.712902 -0.156108 -0.949867 0.716487 1.20042 2.21553 2.11471 -2.19312 1.53664 0.96031 0.0237663 -0.983252 -1.84795 -2.56584 1.89658 -0.393474 1.15585 1.54019 -0.24573 -2.63786 0.565891 -0.70659 -0.0136223 -2.07328 1.0615 1.38222 3.02878 -1.62874 0.741295
layer: 1 neuron: 17 -4.06076 1.74991 7.96949 2.33953 2.0531 -1.24448 2.65606 1.24461 -6.14233 -0.717981 7.1333 -10.5464 -0.400977 -3.06817 -11.0035 -0.0877334 -4.72259 -4.84566 8.36048 2.29059 9.9732 3.01911 -0.671104 -8.41647 -2.35267 -1.43318 3.8014 7.46669 0.18661 3.45344 -3.45209 3.55607 5.95498 6.39492 0.242808 0.57503
layer: 1 neuron: 18 -1.99679 7.30568 6.85234 -5.53894 5.61754 -3.24016 7.07944 -5.41221 -4.02922 -1.78837 7.87456 3.14794 -4.93374 -2.08212 0.853259 -0.0531892 3.66089 2.96835 4.04022 6.3055 2.44766 0.600062 -6.21077 2.54505 -2.91598 -2.98867 -3.64578 4.18937 -1.12965 2.4283 2.74009 -1.57885 5.74453 5.5742 4.99836 0.301126
layer: 1 neuron: 19 4.37135 -3.3308 -3.62106 -7.47166 -0.927362 2.11029 2.95733 -7.56214 3.28983 -1.4281 2.9935 4.24414 -7.65063 -1.67606 -0.406771 -1.70064 2.30855 2.88231 -0.33201 -3.09931 4.95575 1.69585 3.85005 3.53746 -0.234322 1.44511 3.56032 -2.92661 -2.2886 -1.07593 3.02479 2.08756 1.03142 0.66389 -4.91048 0.0495926
layer: 1 neuron: 20 -0.14479 0.354422 7.83618 1.34493 -1.08524 -2.13477 -3.4317 -6.80099 -2.10231 -3.40987 -4.77084 -3.9036 1.93357 1.41564 3.44293 -8.72412 -2.56311 -2.30883 3.44527 0.191047 -1.37396 5.53978 -1.5521 -2.91297 -7.56618 -3.12913 -7.17962 -7.23311 1.89142 7.92515 -1.55027 -10.0059 1.81156 -8.12871 10.7736 0.697287
layer: 1 neuron: 21 -1.27193 1.44744 -0.507188 -0.254283 -0.899414 -0.0279538 -2.54455 -1.26746 -6.86305 0.517123 -4.21595 3.90942 -5.61768 1.91591 5.19359 1.72534 -0.759063 -5.06986 -4.35663 -1.49512 -0.822267 1.55308 -1.50929 -4.05521 1.74189 -0.0114537 3.57338 4.34874 0.0500941 0.83194 -1.78473 0.894864 0.701306 1.99087 3.77913 0.554949
layer: 1 neuron: 22 1.52561 -3.95169 1.54977 1.21923 -0.974979 -0.877181 0.128666 4.337 2.89712 0.284259 -8.70905 -4.00903 4.26969 -2.62802 6.76307 0.860142 -0.601067 0.121436 3.94801 3.94221 -0.149789 0.775053 -1.30979 3.59829 -1.67494 2.42838 0.621604 7.30888 -0.353625 -1.87425 -0.0904519 0.330005 1.30574 5.89928 2.5569 0.639821
layer: 1 neuron: 23 3.36876 -4.01715 0.643306 -7.51288 -3.33466 0.697952 -6.17072 5.16288 2.09328 1.25138 3.22045 -1.47869 -1.24807 2.23705 0.101344 2.94095 -2.8135 -6.04063 -0.686789 -1.72505 -2.70491 -2.80649 8.40695 -10.5942 0.417051 0.325587 -2.9295 -6.52115 4.20529 0.168045 -7.29001 -4.72656 1.87409 1.50322 3.44167 0.731407
layer: 1 neuron: 24 8.78898 -5.08991 4.92694 15.3185 10.9559 12.2658 4.45438 16.7312 -0.288236 14.31 14.5453 12.4157 -4.04566 18.5577 0.837848 8.02366 10.618 14.6687 9.67321 7.99401 12.0553 3.40792 14.4065 15.1312 14.8396 11.1179 11.8369 14.9783 4.00613 15.2938 17.9259 19.6346 12.0043 9.76382 16.2239 0.958647
layer: 1 neuron: 25 -10.7196 -0.295261 16.3352 5.95376 -0.379112 0.936517 -2.45358 -3.06761 -1.96305 -3.05362 -2.92979 -3.58795 0.772292 -10.2277 -0.473281 -1.76168 1.52469 -2.22046 -1.05493 -2.91481 2.77596 -3.33449 -4.94109 -2.21853 -3.41759 -1.70269 -6.51603 -2.65739 8.94008 2.3022 0.539594 -4.58644 1.91795 3.09088 -1.20974 0.649373
layer: 1 neuron: 26 4.19613 -1.47533 -3.9372 -10.5603 -3.6252 0.898493 0.60442 6.53568 -1.3501 5.08711 2.12913 3.12391 2.1626 -1.5126 2.35452 1.49232 -7.40357 -0.170756 1.66056 -2.79509 1.62063 -6.0791 -0.15685 0.702913 -3.74872 0.60842 -2.64876 -0.379044 -1.33895 3.76867 -1.93468 11.2488 4.15613 0.439131 3.26713 0.324656
layer: 1 neuron: 27 -1.86724 -1.07822 0.511889 -0.332028 -0.845984 0.600051 -0.390433 0.118156 0.220556 2.00264 2.53978 -0.816349 1.40354 0.269935 -5.12783 0.730063 -1.08751 7.25621 -4.51169 0.331662 -1.3585 4.82064 0.156612 -5.74757 -0.0991686 3.02366 -2.93956 0.406753 -0.647319 -0.168991 6.14357 1.55658 0.114425 -0.0645054 1.32004 0.962157
layer: 1 neuron: 28 0.623579 1.45186 -1.04345 -2.2593 -0.339531 -0.217222 -3.86502 4.85655 -2.04533 -0.166653 -4.27971 5.75096 3.02644 3.2024 4.74529 2.91918 7.7608 -0.00990902 -1.03069 -0.273386 4.24492 -2.26536 -1.6445 2.86797 3.88161 -0.567515 1.65085 0.681571 2.08827 6.32626 1.91745 1.63189 -1.5618 2.75489 1.90715 0.842158
layer: 1 neuron: 29 14.7445 17.1254 17.6966 16.4789 14.0426 12.6415 16.6133 16.7569 20.6896 14.7365 15.7681 18.7766 18.0808 18.5748 18.5061 11.4048 14.6842 15.0272 24.3036 14.6678 16.9556 16.8745 14.4235 18.7288 15.2752 12.1565 13.2942 15.341 9.43134 15.784 18.7545 19.996 13.9193 13.7278 17.0578 0.976775
layer: 1 neuron: 30 -1.8682 -0.378962 -1.66005 -1.06753 1.39035 0.225139 -7.26417 2.8914 -1.55906 2.74737 -2.56649 7.19047 2.67991 3.06215 6.61228 -0.192054 8.50576 3.17914 2.48184 -3.81674 -0.768158 0.319818 -1.49802 0.317385 -11.3446 6.98876 -7.06292 3.80901 -0.355391 -5.87422 -6.77545 -6.13756 -5.64771 2.0406 -4.63898 0.293527
layer: 1 neuron: 31 -1.2498 0.978332 0.631885 1.05208 0.0415215 -0.311355 -1.35031 -7.88586 -1.90011 -1.41514 -3.73154 2.49341 -2.50072 -0.0748944 1.94762 0.156824 0.0216313 -4.42668 -2.7487 0.845309 -3.03968 2.93187 -2.55263 -3.03323 1.15823 0.41122 2.33769 8.35257 0.158727 -5.58722 2.77133 -2.09931 -1.70195 -2.72333 -2.22879 0.547899
layer: 1 neuron: 32 0.10797 0.642298 1.14901 -1.89701 2.93507 -6.14272 -2.90671 -6.67147 -1.16024 -0.903949 -0.928981 1.46824 -1.7902 0.968163 -3.63123 -3.84551 0.229007 -6.59769 -0.662728 -3.02974 4.75174 -0.497667 3.69944 5.61905 -6.7548 8.8796 1.6902 5.35667 3.60837 5.88356 -3.77425 -4.11178 3.33564 1.88677 -0.60365 0.570666
layer: 1 neuron: 33 7.95869 3.36906 -1.6933 1.25501 1.89645 -8.05594 -4.50236 0.931164 5.95157 0.903529 -0.681016 -2.55916 0.961386 -8.64786 -4.32205 0.176897 3.90528 -0.815491 5.58951 0.771403 -3.69943 -4.36702 -3.8257 -6.24125 -1.68009 -3.64631 2.58413 -12.7614 2.9136 -1.33341 -6.95178 2.11535 -0.994872 -1.26703 -0.138729 0.445143
layer: 1 neuron: 34 0.393879 -3.86989 -2.86665 -2.30336 0.157705 0.83051 2.72594 -2.49953 -2.19123 -4.70435 1.57442 2.03645 4.83261 0.364885 4.50525 7.22972 7.01071 -3.69992 5.73171 -0.110096 5.33185 0.0583652 -0.389791 0.399292 -3.48574 -6.04578 -3.38592 -2.07494 -2.96628 -1.20434 2.34176 2.45793 0.80494 -3.58148 -2.54799 0.592639
layer: 1 neuron: 35 -9.51119 5.94325 5.17266 0.0382173 -1.60632 -4.50577 6.90251 3.24235 -7.21884 -5.52971 -0.202535 -4.14271 3.36729 -11.857 0.644885 0.0660563 3.48573 -2.26102 1.42346 2.14559 -0.384684 2.77252 -0.904605 -4.29102 -7.08661 -1.58661 -7.34254 2.36031 1.16627 -4.49351 -0.121844 -4.76275 -5.45315 2.04368 -3.57042 0.540025
layer: 1 neuron: 36 14.0821 15.9373 16.8043 15.785 13.6453 11.9365 15.4398 16.6949 19.1832 14.27 15.2356 18.0215 17.3559 18.5205 17.419 10.691 14.1369 14.6269 22.3812 13.929 16.5546 16.4714 14.3704 18.3274 15.2133 11.7551 12.9681 14.5688 8.99898 15.0095 18.3225 19.5935 13.0414 13.3344 16.6601 0.920377
layer: 1 neuron: 37 -9.59571 0.340203 -2.48808 3.99743 3.34257 3.29337 6.68692 2.22937 -0.458251 4.18664 -2.6414 1.7901 -9.51049 -3.47067 -0.43987 1.12447 -3.10503 8.305 -3.18612 -3.31002 -4.71534 -3.85587 5.57921 -6.72219 -1.56246 1.6347 -6.88734 7.47484 5.99225 1.24619 -12.4105 13.6928 4.80365 -1.78688 2.58441 0.43553
layer: 1 neuron: 38 -0.81538 1.97105 -2.2138 4.43678 -4.30684 1.83958 2.22517 -8.07118 19.7575 2.51594 -4.19697 7.10513 -15.6297 -2.50788 3.56438 -0.41115 -8.65364 2.41582 -3.67621 1.47329 -5.34582 -3.03499 -5.51522 -0.0904673 -4.44454 0.323789 -0.729306 3.15 3.46043 -5.5694 -2.72978 -6.5093 -2.43593 -9.09255 -3.642 0.450331
layer: 1 neuron: 39 -0.709809 2.45624 5.23161 2.2116 4.68621 -10.2687 -7.41751 3.33273 -4.11985 -5.50881 5.63166 0.587634 -11.2393 1.49106 2.49334 5.18885 2.54521 0.556882 -1.92287 1.21569 -0.22742 0.941012 -2.68897 -0.138216 -1.26737 -1.37916 1.16595 2.77172 -9.7095 -1.91318 -0.55361 -3.79661 -1.36586 3.64337 -8.59899 0.638569
layer: 1 neuron: 40 -0.0478277 4.33681 -1.69454 -3.83029 0.762938 -6.42553 1.476 -3.63029 3.16131 3.70796 -1.07271 4.68133 0.563606 1.61532 3.44883 0.160552 4.39541 -1.78184 0.516936 -1.06724 -0.209229 3.43973 1.29665 -2.2676 -5.39343 -1.26284 3.62202 -3.53528 -1.17908 -0.296653 -5.0613 0.681718 1.18187 -1.43291 -0.275709 0.135258
layer: 1 neuron: 41 -0.150417 6.10673 1.48066 -1.70374 1.61535 2.07056 2.36878 -4.03779 -0.181376 -5.60793 3.07948 -8.11676 -3.35702 -3.87112 -2.25536 -6.07953 3.66499 -6.21268 1.65307 5.53345 -4.01003 5.47045 0.677102 -9.38316 0.610409 -2.01484 2.94214 -0.727071 -0.9773 -2.3724 1.90097 1.39255 -4.9788 3.4278 2.6682 0.683096
layer: 1 neuron: 42 2.07857 -2.25124 1.76707 -5.21156 1.94379 -6.14329 -0.399657 -0.656714 -2.48562 -2.62174 -2.69018 1.64002 -0.50076 3.17054 5.93552 1.97228 1.38955 -1.06835 -2.2194 -0.675241 1.37651 3.69038 -0.810149 4.68968 -7.21721 0.646606 -3.31252 -1.58341 -3.4686 0.272054 3.53393 0.571269 5.39118 0.636829 0.0267843 0.759301
layer: 1 neuron: 43 -5.42144 4.48219 0.371965 -0.668011 6.12077 -2.18167 -0.338514 2.70444 -5.63157 4.85974 -8.49264 4.5356 1.42446 -3.03184 1.79892 6.17668 -1.62537 -1.07979 5.16029 0.434989 2.35213 0.384486 -1.21358 -1.93538 -5.71158 4.82932 -8.7394 3.66397 2.10387 6.66592 -5.00689 0.627956 1.92462 -8.9742 7.03982 0.371136
layer: 1 neuron: 44 -3.0931 -0.519797 -1.28153 -5.72853 -1.50825 1.69777 3.99565 -3.71068 -0.903353 2.18462 2.04732 0.258771 -1.524 6.3739 6.07048 -1.21262 -4.7992 4.13906 1.62353 0.390046 0.788259 -0.362039 6.20704 2.96292 -0.216312 3.81171 -3.28646 -0.292537 3.2289 1.33232 3.5521 -5.01352 -1.5122 -2.2045 0.982998 0.515824
layer: 1 neuron: 45 -1.43017 4.1459 1.05125 -10.5491 1.51772 -0.279819 2.7081 -0.654167 4.00251 -0.163436 2.16228 0.568043 -1.73295 1.4544 1.22201 1.16413 3.37568 -2.511 1.86775 -4.50463 1.5133 3.1923 -1.61795 -0.747322 -0.621084 -3.67066 2.55024 -1.03112 1.8031 0.757711 1.02635 0.557317 1.04427 -2.96246 -1.68406 0.136601
layer: 1 neuron: 46 -3.77146 -3.22533 6.70493 0.488028 -0.187624 2.00257 1.49258 0.625583 2.96716 -1.66544 -1.00701 1.65083 -0.255981 1.57582 0.531964 -1.19988 0.425852 -0.231492 -0.231251 -0.52224 0.469198 1.66225 -1.04038 -3.13787 -2.42253 -1.70581 5.58337 -1.67493 0.0315815 0.183125 -3.51982 -0.580963 0.72338 -1.02212 2.42104 0.622913
layer: 1 neuron: 47 6.77272 -1.84766 1.40173 -3.98615 0.387314 0.777003 -0.122481 -1.2976 -0.887979 1.39433 0.830248 6.09092 -2.82468 -3.069 0.780336 0.464648 0.44926 1.32527 1.48096 0.800046 -3.25286 0.140257 1.57288 4.01688 -4.49251 -0.274155 1.28946 -3.40085 3.44026 -0.0401579 -1.52116 0.504405 2.71308 -0.540266 -3.41739 0.0784021
layer: 1 neuron: 48 0.798662 4.50664 6.27411 -0.248737 -7.85756 -3.74585 0.65498 -2.52947 -0.419752 0.502448 -4.78085 0.852387 2.97401 -1.99033 2.39356 -3.02135 -1.3793 -1.27162 5.12319 0.95951 -0.975926 0.312049 -4.95182 1.03387 4.81291 -1.83328 -4.78732 -0.53993 1.17987 -0.620758 3.90552 1.69236 2.04736 -1.25699 3.24297 0.587451
layer: 1 neuron: 49 -4.04203 3.54143 1.27444 -1.47074 1.69843 -1.63582 5.08381 -4.01191 6.32998 -2.50709 2.93423 -2.81215 -3.24341 -3.53802 1.02002 -5.24361 -2.06661 3.73746 3.55574 4.45625 5.73969 5.43379 4.13318 3.31824 -3.40594 -0.817037 0.296202 -1.77369 -1.49986 -9.19757 8.60606 1.87633 0.690191 0.431962 9.09584 0.0777001
layer: 1 neuron: 50 0.091913 9.12706 -0.387719 -6.75836 3.94946 -7.80761 5.15944 -4.10208 6.73039 7.35886 -5.07593 10.1763 -2.70236 -1.60851 5.92232 0.819995 -4.93494 1.32175 7.42348 3.52983 1.27329 8.72092 1.30887 2.06513 2.60304 0.0316756 0.930064 1.52469 -5.28011 3.08548 3.77919 9.13824 6.67863 0.0756076 4.48683 0.122593
layer: 1 neuron: 51 1.22217 2.89506 -3.03169 -5.04681 -3.68553 -3.31154 -2.7328 1.73996 3.88037 -0.697851 -1.70906 6.86648 0.242642 -2.12817 -0.0728892 -1.66485 -1.26131 0.559837 2.73037 0.0878284 0.224545 -0.707315 -1.13927 1.51853 -1.40876 2.6116 1.99409 -4.49831 -0.0632445 1.13633 0.401901 0.0096122 5.41681 1.10192 -1.43099 0.237373
layer: 1 neuron: 52 -1.62704 -1.21975 -6.92091 4.05991 1.39959 1.1316 -1.30189 -2.62772 0.00395762 4.67536 -2.85294 0.370284 0.066233 -4.35337 -5.77734 2.11747 -0.0474924 3.16481 -0.557418 1.81433 -4.76895 -3.88402 -0.362706 -0.791085 -1.20328 -2.43628 -3.57623 2.99304 2.96582 -3.22635 0.755285 -2.76117 -2.71573 5.09649 -4.37953 0.255501
layer: 1 neuron: 53 6.40815 -1.93342 -0.594914 -0.889532 -2.27118 3.39355 -1.60955 -1.42175 0.104672 -1.56171 -1.35135 0.459637 -1.07505 1.45066 0.77931 -1.89198 -3.07091 2.71554 -2.19658 -0.383509 0.69827 2.35607 9.67417 -3.17355 -0.750326 -5.13968 0.223331 -0.67143 -2.17309 -3.15724 6.24741 -5.95615 -2.35718 -2.01578 -3.99656 0.281137
layer: 1 neuron: 54 3.83901 7.53694 0.998956 1.86129 0.404488 0.574285 2.24014 -4.51885 1.68621 -0.286889 9.46517 -0.852647 3.62427 0.529063 1.63489 2.14419 -2.58788 3.13814 3.73204 -0.216059 2.15021 0.740029 -1.91758 -4.32091 -1.40521 2.1235 5.87145 1.51215 -0.50183 6.89035 2.81237 0.932391 0.0303834 2.29634 -0.299125 0.961882
layer: 1 neuron: 55 0.062517 5.37058 -2.12864 -1.40883 -3.10767 3.48335 -0.111309 -2.42222 11.8437 -11.9325 -5.41715 5.17845 -1.76554 2.25618 5.62417 -4.46065 -1.35195 -1.41086 1.25269 -0.231543 5.27413 0.0215061 1.50285 -1.04877 -6.51194 1.10696 2.20708 2.27235 -4.29239 -0.224444 -1.02024 -2.65203 -0.261099 -4.87889 0.418575 0.154027
layer: 1 neuron: 56 15.1476 16.9872 17.5186 16.2221 14.2509 12.685 16.6169 17.0627 20.4259 14.9378 16.0776 18.6446 17.9612 18.4994 18.3742 11.5669 14.9411 14.8562 23.3767 14.8731 17.0448 17.3647 13.9061 18.9362 15.4401 12.3536 13.0358 15.2231 9.61822 15.752 18.9531 20.2021 14.2033 13.611 17.1831 0.852626
layer: 1 neuron: 57 -0.448872 -5.18288 1.67006 0.049116 1.33994 1.63884 -0.684641 -0.271689 5.50544 2.33616 -0.857767 -0.709794 0.192737 1.12089 5.74033 -3.25606 1.74198 -1.28326 -1.81016 5.80678 -4.44267 1.13985 7.14159 2.20218 1.9056 -0.407597 -3.40963 -5.98732 0.0806004 3.24584 1.61468 3.27645 1.11859 2.51503 7.40019 0.497391
layer: 1 neuron: 58 2.89982 1.33492 -2.91552 2.8988 -2.66218 6.68678 -0.553686 5.39013 -0.649422 2.9227 -5.62204 0.442011 -1.15446 7.5577 3.95426 -5.22807 -6.06528 -1.25791 -1.59719 -2.79764 0.0778879 -1.27377 6.99824 -4.85413 -2.36727 5.07042 -2.37725 -2.8184 -3.50507 2.57525 -1.45721 5.74679 -2.53232 -3.85205 8.01762 0.143712
layer: 1 neuron: 59 -3.84009 -2.50492 2.0616 4.79939 5.05409 -3.95695 -2.06292 3.1426 -6.03695 -3.32102 4.07796 -7.34925 -1.80178 0.408329 -4.72199 -1.97424 1.21814 3.61199 -1.55029 6.1699 -0.261382 0.349493 2.7597 -0.146452 -2.03076 3.81794 4.93894 3.63505 -4.07947 1.79056 3.61596 -2.12416 -0.573791 -0.310657 2.23739 0.556047
layer: 1 neuron: 60 -14.1124 -16.5239 -16.8977 -15.6933 -13.4313 -11.9884 -15.9803 -16.1443 -19.8925 -13.925 -15.0789 -17.7977 -17.1305 -17.594 -17.8593 -10.7053 -13.9403 -13.9357 -23.1773 -14.0147 -15.8212 -16.0757 -13.4631 -17.9458 -14.6361 -11.3577 -12.361 -14.5432 -8.77808 -15.141 -17.9558 -19.3848 -13.3657 -12.7506 -16.4253 0.485244
