topology: 62 60 37
layer: 0 neuron: 0 -3.74346 -0.332234 14.5274 -13.9974 -7.69009 2.47288 4.52271 -3.75625 6.8186 -10.6942 6.98379 4.52359 7.94394 -3.58643 -4.82579 -4.12267 5.64885 5.94229 4.01132 -2.84251 1.89834 1.30693 9.42435 16.3137 1.40362 -7.59518 6.34792 -10.5742 2.20174 -14.9384 -3.52412 8.52771 0.911635 10.3515 -3.94046 2.66274 3.21495 -5.34803 5.55882 6.94096 0.526974 -17.7926 -0.637434 4.74092 11.3221 3.99201 -4.29209 2.00405 6.54254 13.956 8.33456 6.93433 -5.1875 -3.56941 6.18281 7.11127 0.811847 -13.7975 3.33767 10.8565
layer: 0 neuron: 1 2.10019 -14.6153 11.9878 -8.65396 5.81358 -7.62307 -12.1211 -8.40581 15.1361 -6.16447 2.62687 -1.82213 -0.193823 9.91926 5.18499 -1.25509 1.82065 -9.86159 -9.18389 -0.421076 -6.14411 -4.9094 5.74047 1.23169 -6.39163 -11.7945 14.8666 7.56533 4.42185 -8.98413 -0.638949 8.04958 5.08694 15.812 -8.04576 4.4344 -7.35593 -17.1585 11.9378 15.4042 -7.47872 -2.2758 6.77792 7.35772 -0.739805 11.3908 -4.52497 -13.1271 16.1601 -0.876018 -8.41644 15.4012 -1.6891 5.09926 16.6775 8.24795 -2.28243 -0.842414 -5.02452 1.28832
layer: 0 neuron: 2 -8.54894 -4.18332 8.7219 6.15262 2.46479 -6.74122 -9.63583 -5.45102 12.6905 -7.57504 0.436035 -0.746036 -7.69394 0.146879 0.868433 5.31363 -10.3735 -11.1873 -6.28148 -1.67188 -1.26881 1.54717 -0.491251 2.90004 2.55988 -9.45607 12.8366 13.6864 1.96385 0.270583 -3.47774 -0.453094 4.81251 15.9726 -5.37989 2.04496 0.183357 -10.547 4.66977 13.2154 -0.335811 4.03343 19.9729 9.79423 -0.561954 -3.65809 0.0277206 -7.54914 17.1884 0.758966 -0.0052262 13.1981 -1.74524 2.31245 15.9778 5.05935 -2.56886 4.20987 -8.09818 7.61811
layer: 0 neuron: 3 2.03295 -4.70862 2.0439 10.4312 -1.15084 -2.77281 -0.961308 12.6551 -1.00509 8.80641 2.18806 1.78014 -18.0794 -7.02791 -0.878916 8.36054 -16.1436 1.57634 9.77469 0.718349 0.159927 3.23645 -12.0146 -3.18083 9.22383 -8.81363 -0.534185 12.2723 3.18406 5.87523 2.29684 -24.3753 -0.28449 4.42886 0.520006 -0.256879 -8.54076 5.49322 -0.686552 0.226455 2.4175 10.7883 13.207 8.50445 -2.32179 4.43144 6.1156 1.79219 0.903882 2.22049 11.5147 0.21273 -0.954846 -6.38447 0.291731 -8.70057 -1.33718 15.3581 -9.97104 9.90576
layer: 0 neuron: 4 11.72 -3.63079 -2.40321 -1.47862 -1.31859 5.62957 10.8458 19.459 -3.36274 18.8656 -12.2743 1.59462 9.99549 -5.27717 -2.42911 -1.12074 1.33914 8.92349 13.8721 4.55998 1.66645 4.43277 -3.49747 -8.18248 5.90647 -7.7133 -2.84226 -8.83287 -2.26841 4.10972 9.2608 -14.1626 -2.46699 -0.86721 6.34052 3.56856 -3.79373 4.03059 -3.70215 -3.12434 -2.69392 -6.95492 -5.80535 3.81591 5.95617 14.1453 -0.11153 5.82135 -2.90158 -7.34638 4.26253 -3.08771 -6.40179 -3.01287 -4.60624 -14.3343 4.71548 5.90518 5.07896 -0.149357
layer: 0 neuron: 5 -3.80783 0.627618 1.89517 4.92008 4.35231 7.87275 8.95581 4.26494 0.529796 4.10736 -9.77833 0.362665 10.5001 -1.4165 4.8842 -2.16286 5.48614 3.90641 1.48391 3.57181 6.07635 -5.18292 13.6696 0.584886 5.15489 -7.69259 1.1718 -3.52584 -5.64915 4.07971 -1.74875 -2.55899 10.8406 0.718159 9.48266 -2.40327 3.21354 -5.93408 -5.69255 1.47516 -12.0673 -1.44097 0.0531363 -3.77458 4.20956 -4.47799 3.38097 4.45897 1.60872 -5.06928 -4.37816 1.46449 -9.23389 1.36618 0.351489 3.51913 2.65023 -14.6014 19.4924 -5.21318
layer: 0 neuron: 6 -11.3739 17.0802 -13.2448 13.8789 11.1931 -0.51082 -5.41187 -1.0542 3.6204 4.37964 0.692152 5.29059 -7.72155 3.14642 0.0976818 -1.16338 5.66089 -4.3681 -7.19969 -5.00124 6.00035 3.24124 -3.00102 -3.48549 -1.61736 -0.386391 4.53153 3.8291 1.55234 2.41988 -2.10787 4.47538 3.04055 7.09808 7.09545 -5.73447 9.05403 -5.62214 -1.24147 4.88164 8.68926 22.4092 -0.999149 -15.1293 -12.9865 -11.9698 1.36039 7.93285 6.38447 3.97025 0.251471 4.86581 0.699086 -2.83506 6.62223 5.07151 4.6623 -16.4131 13.2259 -16.9992
layer: 0 neuron: 7 -0.666931 4.51268 -8.36747 7.59181 -0.992264 -2.04953 -3.26108 -7.61244 17.7931 0.516495 0.296854 -3.63677 -1.4263 -0.136474 -0.786717 0.354341 -8.19242 -5.75435 -12.3267 -1.48697 7.51523 2.08374 1.24862 -3.00843 8.11985 -1.44127 17.9119 5.85222 0.5738 1.71351 -5.95326 3.6647 -2.39864 19.9992 2.93199 -0.29587 6.22897 -15.4047 0.0169577 17.7759 6.21683 5.09302 -3.17531 -5.05141 -7.55251 -2.3002 -0.167995 1.67462 22.2164 -2.68012 -5.75081 17.7471 10.9091 -5.7984 18.9669 0.847141 1.54978 -1.99529 -2.22538 3.89535
layer: 0 neuron: 8 8.16839 6.40147 -4.08161 6.89953 -2.40978 3.58155 -0.546452 -3.75732 8.74972 7.0924 -0.221968 3.66656 -6.91189 -0.277133 1.09593 -5.29594 5.21029 -1.49027 -2.51784 0.821623 3.98069 0.136582 1.14637 -1.92374 -15.8816 0.500271 9.32899 -3.92157 4.20648 -1.50816 2.46438 3.92493 -4.15729 8.87494 -1.14151 -1.02435 2.38093 -9.8904 7.69496 10.1694 -2.53858 7.79826 -9.90936 -3.11036 1.58081 11.7894 2.32565 0.567132 6.34278 2.16525 -1.53652 10.1542 12.3968 -3.1849 6.54402 -6.02692 0.760262 -0.0852861 6.15503 -5.01134
layer: 0 neuron: 9 -6.57974 -0.381226 -4.77372 1.57015 -0.406673 2.31014 0.79035 7.14207 0.669949 -5.84607 0.568098 5.18187 -10.568 -7.49815 0.964523 -6.39949 0.760165 4.44098 -1.62752 2.04085 -9.76081 1.45016 -6.51752 -2.62795 -9.92002 6.80789 1.02392 -5.88944 0.62418 1.86856 2.75668 -0.500019 -0.713879 3.2814 -6.78204 4.30843 1.48746 -6.61371 -4.13405 1.33075 -5.20647 -5.50442 4.00028 -1.35799 4.68476 -16.2725 -1.0385 -3.98284 3.2627 2.1531 4.65949 1.31712 0.636534 3.22669 4.06839 -0.227055 -3.56331 -1.19248 4.2871 2.67929
layer: 0 neuron: 10 -2.75303 2.33224 -0.908144 3.82142 -3.54311 4.78855 -0.655488 7.25502 0.778271 -2.22693 -5.69288 -0.610704 -11.5909 -7.59244 -3.64852 -8.20832 5.13809 4.01837 1.85038 -0.609705 -0.973157 15.8289 -6.88787 -2.39965 -11.6141 -0.734659 0.868392 -8.28778 0.830964 -0.776236 7.25699 -5.0766 0.234309 6.65882 -6.44751 0.8478 5.6385 -3.89222 3.11039 1.07378 -0.729704 0.353333 4.62018 1.07213 -1.05705 -1.76532 -1.94286 -3.71457 2.90476 8.63941 6.43708 1.05906 10.2589 5.56765 3.79466 -4.74897 -1.74214 -6.36964 2.75728 0.342698
layer: 0 neuron: 11 -7.68431 4.45266 7.76892 8.21846 -3.98711 1.22302 -1.20153 -9.08008 18.1557 -2.28644 -3.68237 -9.28486 5.1416 0.547755 -4.28137 4.07793 -7.26876 -7.26104 -1.77219 -1.39974 1.12044 2.95399 5.27075 5.1421 7.138 -9.16922 17.7729 -2.31141 -11.101 -1.26081 3.0577 -2.79205 -0.738706 20.4034 3.19107 2.5093 -4.8712 -20.2639 0.701743 16.8099 1.73502 3.51735 13.7204 9.78631 -4.97065 3.35756 -4.32013 2.07669 21.3977 -0.619101 5.17002 16.8012 -7.99392 -2.58802 19.5254 -8.952 0.699476 2.68038 -12.4868 -0.00712988
layer: 0 neuron: 12 -2.72946 5.94348 2.06931 4.35148 -3.81667 -9.23262 -2.99826 2.55354 0.139252 -2.19036 -6.27069 0.762069 0.565998 -0.623989 -4.03184 -0.00259787 1.21462 -2.95871 0.117397 -0.418711 2.0306 -13.6346 4.40178 7.83338 -2.81718 -1.10371 0.266911 2.22638 -0.363238 1.08165 9.90264 -1.98319 4.09601 1.57484 -3.68466 0.752805 0.440458 -6.2596 3.46297 0.654574 -4.75116 -1.86463 3.31977 10.0592 -1.13703 7.51154 -1.15166 4.09099 0.835726 0.692303 -3.5165 0.664966 -4.13228 -9.49114 0.0613834 -2.7978 0.327307 -2.43518 1.38145 -1.03976
layer: 0 neuron: 13 -0.374426 5.85651 -3.9255 -7.1013 0.711823 -11.8608 -2.61477 18.609 -7.03026 10.0489 -4.39849 12.5265 -6.82695 -3.17347 -3.50842 -9.21358 14.3267 6.95129 1.18383 -1.53249 4.21515 -5.49229 0.299128 3.79296 -18.0138 -4.09588 -5.70055 3.9342 17.3263 -0.692151 8.38877 -0.891706 3.93796 -3.02369 -6.0503 0.443142 7.38779 4.15922 9.89544 -4.18116 -6.06307 2.5301 -9.40516 -0.13671 5.15663 9.95474 0.206843 1.10079 -7.36745 6.47237 -5.54538 -4.17007 5.52597 -6.34427 -6.28382 6.0352 3.46301 -9.03203 20.0901 -6.92344
layer: 0 neuron: 14 -7.33344 0.525331 -1.35118 -3.65654 5.7523 -5.55459 1.69962 4.566 -7.43478 6.24562 -0.834329 2.07429 -2.15164 0.3268 1.29391 -1.95156 11.539 5.58047 1.73537 -2.94873 2.422 -6.8982 -0.270514 -3.91734 -7.17218 -4.95481 -6.02087 -1.25298 5.02894 0.532787 -0.700092 -0.35704 2.7662 -6.85512 4.72916 0.513115 -2.37327 5.63766 1.11975 -4.61433 4.33536 1.56207 -4.67317 -3.20077 3.27868 -2.89682 -0.030244 4.02235 -7.20422 4.21576 2.56653 -4.59025 -7.50193 0.177318 -6.46805 5.61007 0.868408 -5.38348 11.0989 -10.3517
layer: 0 neuron: 15 -1.62475 -3.35135 3.18266 3.91796 5.1699 6.4779 1.05925 -3.09761 6.09794 2.81995 -2.04002 -2.00636 1.54379 1.68716 2.65179 0.350516 3.62401 -0.0331593 1.77028 -2.37087 1.80954 -0.720344 0.564068 -7.66594 5.82407 -12.5625 6.36709 -9.12002 -4.5313 -7.59132 -7.16292 -4.12414 -1.9557 5.6461 11.7221 -3.49374 -3.91186 -4.29563 -2.53566 7.35884 6.9531 -0.950938 0.50682 -5.15384 1.1357 6.16331 -0.0546549 7.19651 5.73798 3.49823 6.23704 7.37647 -8.51814 2.40175 5.97276 -2.95136 1.31991 -8.84407 3.85626 1.01329
layer: 0 neuron: 16 8.33792 -5.26886 6.68304 -1.64052 2.50224 2.60697 -2.31639 -3.4747 5.15313 3.2369 2.44759 1.72268 4.57718 5.70591 -0.431936 3.5817 -4.37627 -2.04574 -3.09473 -0.526262 8.0435 0.772423 3.92141 0.312103 10.3159 -8.40234 4.6783 2.17117 5.66045 -2.8624 -11.9474 1.80393 0.0503385 6.64043 5.11377 -3.8158 0.246143 -1.41266 -0.243086 5.3496 1.84975 -6.10592 -6.58326 0.296454 0.780633 17.7752 0.489371 2.72902 4.42133 -1.04456 -1.8765 5.33329 0.571351 -2.43351 3.47536 3.294 2.0018 -2.47256 5.56557 8.86298
layer: 0 neuron: 17 -1.4016 -1.8045 2.53626 4.25886 0.391457 0.166606 0.0384237 -3.56161 14.8962 -0.264844 3.9845 3.00443 3.41969 -0.354939 0.868446 1.10826 -7.33562 -3.96516 -5.40229 0.489478 3.89621 -3.60624 6.67786 4.86232 10.4642 -5.42221 14.6926 2.65946 0.166041 0.372615 -7.47727 7.49033 3.70205 16.3994 1.76382 -1.0648 -1.17699 -13.4402 -3.85008 14.0255 -3.94153 -2.75666 -4.28155 0.900087 3.2709 -1.88039 1.63903 -3.26393 18.2037 -4.46366 -2.84513 13.996 -5.30455 -4.54421 15.2245 3.99407 1.6702 0.830705 5.26993 5.85701
layer: 0 neuron: 18 -3.38189 7.54257 -0.902094 2.89219 -2.20737 2.01355 3.04362 2.6269 -1.78166 -2.35711 2.01495 3.95672 0.879342 -2.68992 -1.08526 -1.78645 2.85918 5.57745 4.69335 -0.616335 -3.53471 0.58564 -2.32056 4.81444 -2.58882 4.85355 -1.73869 -4.28869 -2.42345 2.61417 2.45294 -0.756301 -1.7678 -1.56376 -0.0213976 0.792562 0.0336214 2.28944 -2.70336 -1.90125 -0.764907 -3.32542 -1.75458 2.39852 5.17768 -2.68916 0.326133 5.79768 -3.28338 2.58133 5.73938 -1.89595 -2.58254 -1.39647 -2.30742 -2.62123 0.57601 2.10918 3.30843 -1.64307
layer: 0 neuron: 19 1.42988 1.5346 1.12392 1.60847 -1.54018 -2.3895 0.400163 -8.21687 -11.8055 -2.22215 -0.15868 -2.99629 2.99882 1.60061 -7.1991 6.60963 1.89387 3.4094 11.2138 4.0673 -4.68443 1.46098 -6.12708 3.11575 -2.48354 9.75059 -12.3046 -1.34161 -2.65478 6.66212 4.29364 4.34334 -7.67964 -12.5526 -3.1926 -1.96962 -2.62672 7.9246 7.10708 -12.1758 5.25288 -2.02534 5.2836 4.96186 -6.39359 -2.27869 -3.04574 2.33834 -14.0712 5.14844 6.76272 -12.1604 -0.0816569 -2.43534 -11.7514 -5.3527 -0.117039 7.80318 -13.0618 -6.46056
layer: 0 neuron: 20 3.34592 -8.9022 -7.53616 -0.133799 1.82763 -2.54832 6.60084 3.03421 7.89658 7.378 -3.20654 -13.658 -4.34275 -4.1912 6.22362 6.56217 1.65663 10.5101 2.16151 -0.708495 5.46209 4.99685 -5.39238 -16.1221 -3.28623 4.69555 8.85621 5.57206 6.34522 14.2374 2.84489 -1.48403 1.55633 10.3507 2.14699 7.06635 -3.48088 0.486346 -1.12028 8.23897 6.13408 6.63882 -2.40927 -2.50883 -10.5434 -12.499 3.52245 -7.30794 15.2766 -10.2583 -1.38405 8.22472 8.1859 5.6254 12.4909 2.98143 -3.48063 7.46947 3.42383 1.51718
layer: 0 neuron: 21 2.50767 -4.28777 0.0461138 -3.0509 -2.19277 -2.45249 -0.883109 -3.8349 16.2405 0.865671 0.572465 -3.59488 0.490093 0.176699 0.351314 -0.764171 3.34256 3.50541 1.34081 -2.97358 1.28652 6.01117 0.157143 -0.75583 -3.44734 -2.97842 16.6753 -0.794292 0.0103621 -0.353139 -0.532436 2.23875 -2.07508 20.8487 -1.39352 -0.69246 -0.622792 -14.0559 4.20567 15.8033 -0.0868724 -1.05553 -2.01482 0.377461 -3.33334 2.84784 -1.51731 -6.19436 25.0676 1.13885 -1.28291 15.7816 3.82211 1.28815 21.8768 -0.795976 -1.2536 -3.23746 -0.0941731 -0.82172
layer: 0 neuron: 22 1.5059 0.72312 -0.559412 0.931142 0.865402 3.27897 1.32024 -1.05594 17.2913 -1.03756 2.14926 0.435342 2.26524 1.29971 1.43961 0.398558 1.59279 4.00297 2.8796 -1.86174 -0.824559 7.10287 0.0349989 2.03174 2.18486 -1.35816 17.4695 -1.0266 -1.85448 0.435112 -0.389588 3.48059 -0.83649 22.2897 1.19551 0.309682 1.98419 -12.1901 0.300052 16.3356 1.43341 -0.00728915 -0.428739 0.31757 -0.431754 0.887411 -0.507317 -2.1225 26.0438 1.32594 1.44564 16.3042 1.93978 1.52673 22.3766 0.0205524 1.6689 -3.86894 2.04668 0.590933
layer: 0 neuron: 23 0.504651 1.98451 -0.0198843 2.07975 1.30626 1.46741 -0.161518 -3.71204 16.9382 -2.54317 3.96823 0.724453 -0.00585962 2.27292 1.03294 1.71731 -1.47604 0.910331 0.00579013 -2.01463 -0.979542 5.09241 0.0491945 3.38128 3.24944 -1.10575 17.1703 2.8788 -2.63244 -0.133222 -2.88695 1.82725 -1.55041 21.6478 1.76607 -0.780924 0.830675 -13.6505 -0.607096 16.0901 0.568712 1.76562 1.63098 0.744154 -1.91029 -0.260327 -0.412921 -1.546 25.7373 2.15877 1.84666 16.0565 0.252902 0.278874 22.0347 1.01932 0.766282 -1.86789 -0.369182 0.295259
layer: 0 neuron: 24 1.74338 0.851579 0.0334278 0.0663016 -0.524438 0.428008 -0.0123039 -2.43318 18.578 -0.73782 3.26516 1.42478 1.81128 1.35898 0.360196 -0.200114 0.731362 1.60845 0.934952 -1.31107 -0.501269 4.23244 -0.0652775 3.17139 0.851877 -0.57917 18.8008 0.179958 -2.55856 0.410755 -1.58641 1.2773 -1.60997 23.5252 1.40323 -1.3251 0.76142 -14.5378 1.37965 17.5457 -0.943641 -1.38479 -1.43172 1.09598 0.27794 1.20907 -0.923405 -1.08096 27.6851 2.79865 1.22856 17.5157 1.22514 -0.0501504 23.939 -0.298322 0.059423 -1.13668 0.249869 -0.162756
layer: 0 neuron: 25 2.76284 -0.548217 0.0788598 -1.05307 0.0266045 0.0546697 0.776548 -2.30971 18.6909 -0.215004 2.92038 0.321569 1.80107 1.25413 1.43387 0.540389 1.93241 3.74518 2.66845 0.586962 -0.873834 3.87317 -0.5961 1.85098 -0.398143 1.09118 18.887 -0.276039 -0.685365 1.64717 -0.335737 2.0461 -1.31197 23.1787 0.907082 0.0511368 -0.116015 -13.2955 2.37138 17.768 0.254878 -2.69708 -1.38239 1.86599 1.09262 0.552192 -0.562463 -0.779212 27.8288 2.24649 1.28247 17.7386 2.75349 0.946467 23.9076 0.894533 -0.138029 0.699872 0.742661 0.0236772
layer: 0 neuron: 26 2.48118 0.334551 -0.209531 -0.525913 0.286008 1.15926 1.21108 -1.53101 17.3664 0.371937 2.47188 0.0154482 2.24791 1.2377 1.4137 0.669271 1.82235 2.71272 1.75974 0.430366 -0.403845 2.87652 0.382453 1.24458 0.598592 1.48327 17.6009 -0.125755 -0.235564 1.68675 0.210641 2.1049 -0.824387 21.7665 1.01863 0.759545 0.621594 -11.7609 1.3365 16.4414 1.11813 -0.969709 -0.899688 0.39548 0.551068 0.531807 -0.0857097 -0.416157 26.6442 1.03781 0.716322 16.4119 3.15678 1.43289 22.4307 0.502088 0.542285 0.600526 0.67077 0.29251
layer: 0 neuron: 27 3.68451 -2.1902 2.81278 2.94537 -0.761249 -1.69264 -0.195752 -11.1302 15.1425 2.78583 0.654964 -3.85694 1.51571 1.73775 -3.14191 5.62176 -8.88277 -5.51902 -0.721314 0.690528 4.73633 2.29723 1.49117 2.19536 7.70834 -3.72671 15.4522 7.63951 -1.80614 1.86736 -3.96296 -2.50315 -3.22847 18.3548 1.6614 -1.84643 -2.43237 -12.8291 0.854915 14.4822 0.583103 2.71679 3.84302 3.87235 -3.62998 0.759914 0.547818 0.109508 23.674 -2.90737 0.187865 14.4545 2.88248 -2.4557 18.583 -1.35596 0.130096 7.9287 -9.76793 1.24664
layer: 0 neuron: 28 0.338662 -0.776268 -0.133571 -3.85501 -0.826678 -1.57427 1.04831 -3.37602 18.2301 -0.751904 0.610909 -2.86899 0.156523 -1.04841 -0.117211 -0.00716283 -0.108423 1.92179 -1.12707 2.04065 2.88265 2.55406 0.884087 0.468538 -1.02282 0.490527 18.3527 -2.22223 0.793268 -2.79666 -0.583479 3.16992 0.326964 22.2838 0.361938 0.660076 -1.10532 -15.4292 2.66594 17.5637 2.78596 -1.20184 -0.94088 0.623696 -1.75547 -1.9845 -2.17572 -1.9522 26.7935 1.43554 -0.158034 17.5357 0.695056 -0.751414 23.3353 3.84013 -1.11038 -0.900477 0.902939 0.754979
layer: 0 neuron: 29 2.71572 0.0538117 1.97995 -6.36432 -5.35482 -0.180797 3.97889 -0.608555 17.8285 3.32266 -0.246469 0.952652 1.99199 -2.93071 -4.31973 -0.732543 -0.402849 3.78275 4.94747 -0.171867 3.2564 5.83033 -0.441786 5.03088 2.41458 -5.80928 18.2601 -3.34715 -0.386327 -5.12393 -1.46809 -2.4238 -4.38148 22.8028 0.210917 -3.24501 1.20144 -15.6167 3.95826 17.6581 2.20354 -4.20674 -1.56581 2.34439 0.315116 4.60215 -2.86432 -0.719741 26.4096 7.05101 4.16121 17.6339 0.946118 -3.41094 22.0332 -1.38662 0.73038 -3.27784 -1.29609 -0.0643921
layer: 0 neuron: 30 4.29795 1.39514 -1.52534 -3.8318 -1.74581 0.883391 2.97305 4.13156 17.7552 6.84382 -1.37496 2.51397 -1.30221 -0.0103116 -2.37631 -0.95024 3.04909 3.7006 6.88625 1.2908 1.35443 6.76943 -2.09902 1.07177 -2.43316 -1.79897 18.2367 -2.5735 2.53231 -5.25433 4.22542 -3.21144 -2.72308 23.123 -0.442773 -1.30528 3.13043 -12.8747 6.74985 17.8542 1.04192 1.41067 0.45406 -0.177459 -0.33953 6.24162 -1.75013 0.0602572 25.0098 6.81193 2.55925 17.8276 5.92879 -1.00394 21.2397 -1.56923 2.20546 -3.21585 0.865701 -3.58682
layer: 0 neuron: 31 5.14982 -1.58189 -2.09424 -2.44201 -0.47469 2.15436 3.56652 3.0013 19.9447 4.79108 -1.9184 1.33178 -0.850966 -0.191392 -1.66166 -1.14935 3.67548 5.60115 8.01033 2.93489 0.562678 6.44909 -2.63391 0.614579 -0.476487 -1.12942 20.1921 -3.09904 0.30669 -2.66068 3.39786 -2.39837 -2.23528 24.975 1.11577 -2.10742 4.31502 -14.9719 6.82041 19.6864 1.08564 -0.663396 1.10928 0.0421063 -1.5293 3.54173 -1.96201 -0.330498 27.6625 7.93566 2.71486 19.6568 7.88505 0.536364 23.4212 -1.93251 2.20827 -4.36195 0.410056 -2.41492
layer: 0 neuron: 32 -0.673559 -4.94708 1.61666 -3.06504 -0.687412 -0.0997879 2.90221 -5.31057 15.0827 -2.14458 -0.610775 -3.746 0.813755 -0.307869 -0.478124 1.31754 0.379311 3.51679 2.24883 3.06124 -0.18631 1.76591 1.08414 0.937907 2.64095 1.15254 15.0327 0.646198 -1.4632 2.61366 -2.19293 0.604163 -1.0287 19.1365 1.14414 1.13064 -1.12453 -13.0906 1.13569 14.132 0.562781 -3.47094 2.4588 2.54697 -2.03131 -4.61657 -1.97303 -3.80325 23.8114 1.95637 0.339543 14.1023 2.40374 1.48546 19.4018 2.44982 -1.77914 2.19103 -2.47982 1.14882
layer: 0 neuron: 33 2.63938 -3.34896 2.78865 -1.58672 -1.58981 -1.36576 1.50266 -7.51344 17.1418 5.74766 -1.89535 -2.18891 2.98566 -0.584944 -1.33707 -0.633423 0.0783961 -0.974173 0.0195518 2.21368 3.54617 -1.26869 4.32791 -0.334779 -0.173832 -5.9117 17.781 3.74647 2.74118 3.51749 0.25219 0.0398672 -1.90245 20.3685 1.87905 0.851284 -2.35638 -14.2987 1.76541 16.8998 -2.32751 1.93114 1.39563 0.416325 -1.36032 0.422866 -1.57755 -0.646167 25.6191 -2.2391 -3.06346 16.8754 1.76625 -0.579337 21.0634 1.72658 0.933839 3.34274 0.0263142 -2.77021
layer: 0 neuron: 34 0.456653 10.4097 16.2842 4.85151 2.18494 3.39326 -13.6228 -10.4581 5.16848 0.327823 -2.05323 10.7733 12.4933 16.7619 -9.74663 -5.94736 -1.17663 -17.1267 -3.33313 2.16678 -6.57356 1.0512 16.1544 19.2253 6.66648 -3.00093 4.26206 16.8601 1.16831 0.944968 -2.13185 -1.45021 -5.20217 6.81284 -1.97029 -5.21863 8.16913 -5.56925 3.77436 3.07015 -12.5904 4.91299 17.6119 7.01214 7.41689 25.408 -3.05731 5.32028 7.23365 1.20196 -13.0393 3.04237 9.86352 4.92161 5.04548 -2.26794 11.511 6.18446 -10.5636 -1.73622
layer: 0 neuron: 35 -7.41848 4.10383 -3.88687 1.42197 -0.87883 2.35741 10.7608 10.4266 -3.75641 -10.3236 -0.548861 5.14576 3.65868 -6.74162 -5.58494 7.21614 0.693952 7.03643 6.31935 1.26884 5.03374 -13.5083 -3.8169 5.41453 7.16134 9.67722 -4.64291 -9.07341 -3.31777 0.242375 -6.39699 3.1438 -3.91929 -4.60348 2.65776 -2.81857 12.5832 5.38917 -8.88757 -5.06848 7.35015 -4.49467 -6.37275 1.99069 8.20382 -4.96918 -0.392204 12.1462 -2.39479 3.32849 7.12475 -5.08139 -5.48817 -9.36341 -4.27472 3.32709 -0.522551 -7.2334 6.23412 1.0567
layer: 0 neuron: 36 10.7886 -12.224 1.26482 5.3079 5.34181 1.3659 2.51207 -3.39986 16.1905 1.75814 1.50242 -3.84108 -7.98038 3.55715 6.16666 8.45639 2.21081 -3.52501 2.93281 5.17751 0.872962 -18.8206 -5.75296 -7.17311 -3.8055 -2.49459 16.1946 0.560527 2.27889 -4.8224 3.79136 -2.40116 2.49096 15.8673 -2.15457 2.59258 -5.30892 -11.5684 6.69576 16.2451 0.8148 10.1829 1.71611 1.17931 -7.93448 2.64833 3.58818 3.30708 16.7609 -0.0801972 4.40124 16.244 -0.610884 -4.17025 14.8929 -0.248808 -3.25587 8.78803 -4.67534 -5.73656
layer: 0 neuron: 37 9.60879 -8.11574 -0.203284 4.69074 4.70609 -0.134617 -1.10884 -0.186483 21.7696 5.5973 1.20054 -3.722 -6.92599 1.34737 7.53578 5.94483 0.148142 -5.94382 0.783049 3.64985 -1.78181 -15.2308 -5.88778 -9.21645 -5.26741 -4.10834 21.9126 -1.75495 2.16319 -6.0115 8.22265 -6.87566 4.36897 21.5192 -3.90141 1.32319 -10.4098 -13.0183 6.50055 21.7417 1.38278 13.6863 1.85435 -1.8065 -9.58322 1.49123 4.14233 0.759696 22.9645 -3.54321 2.7715 21.7427 -0.712102 -0.0701584 21.5822 -3.8036 -1.58803 10.5378 -8.0032 -6.09795
layer: 0 neuron: 38 6.07633 2.86384 -6.02529 -5.62607 -1.84365 -4.91119 -3.21202 7.83528 3.26638 -3.63306 1.87054 -5.99824 -15.4468 -1.15258 4.6286 1.24365 -5.35673 3.94609 -9.28765 4.02982 -5.86983 -6.90098 -12.9285 -14.1521 -5.3221 4.23589 3.72241 -7.95063 5.30248 -10.114 6.72875 -6.84297 1.61643 5.00118 -4.44838 6.52909 -12.3329 2.51135 -2.34499 4.35053 10.9062 -5.60999 -4.84307 -0.357791 -8.77097 1.78609 -2.38563 -2.01032 6.80127 -0.464418 7.82862 4.36477 -1.97001 1.2876 3.82536 1.37977 -5.08948 6.68472 1.14132 10.772
layer: 0 neuron: 39 -1.32529 4.35707 1.92812 -0.264677 4.0498 2.96248 -0.651107 2.32569 -15.8899 -2.58344 -3.05418 -1.8861 -6.79334 5.21713 3.90046 1.71976 3.62245 -1.29507 -3.00125 -4.65294 -6.36483 -0.0179034 -0.901077 -4.35368 -3.12912 2.21445 -15.8191 -0.298626 4.22479 -1.47624 -4.48109 -6.30196 -1.02627 -15.0515 -3.02722 0.368097 1.41774 15.2294 -8.47067 -15.6944 -0.359985 -0.0400477 8.42672 -1.90723 1.70333 1.33214 0.391857 1.21262 -13.1516 -2.0025 3.75285 -15.6924 -1.72995 10.1676 -14.9568 0.828342 2.67562 0.533262 2.09914 3.8332
layer: 0 neuron: 40 -1.90895 3.96458 8.87596 0.0910738 -0.780629 1.86218 -0.561353 -8.85593 3.48736 1.29046 3.55176 1.02152 10.5296 8.52643 -4.93829 2.34387 -0.640611 -6.71467 -4.53278 -9.71764 3.56725 7.06117 7.06401 4.44248 7.03472 -4.32582 3.70941 12.5619 1.21917 5.31624 -5.47784 -1.6894 -4.29886 5.4998 -0.398489 1.43291 6.93145 0.338859 -5.18888 1.76229 -2.58808 5.19419 7.04951 2.11261 2.3841 4.27428 -1.75862 5.78547 8.98833 -5.98501 -2.68777 1.74844 5.28435 3.14566 6.00103 -0.962081 7.32401 3.81871 -5.78176 1.10105
layer: 0 neuron: 41 0.477086 -4.39195 10.7894 -9.52544 -9.76406 -1.67342 9.16869 -12.7905 -16.4214 14.95 -4.31686 -8.93143 10.4277 -3.57351 -10.466 0.968782 -9.63417 -5.45348 -6.50294 1.13627 11.2808 -7.24418 17.2693 1.24506 6.16997 -8.10898 -15.4924 13.8197 9.74529 13.5372 -8.26474 -8.57802 -5.25464 -21.0738 4.81774 2.84952 -4.69025 10.2727 -7.02239 -15.8603 -9.53867 3.48102 3.97054 -0.134852 -3.89425 -9.00582 -2.3923 -4.92295 -20.9912 -12.6499 -8.52337 -15.8433 0.420802 0.0418397 -20.5919 6.16509 1.78252 17.0043 -1.94429 2.62334
layer: 0 neuron: 42 2.08692 -16.6269 1.04299 -1.40905 0.0902339 -0.262407 6.57528 -3.83968 7.3598 5.07828 -1.12082 -3.50086 0.894102 -0.427841 -0.623559 8.13675 5.59529 0.43679 7.97448 -2.28344 7.62268 -2.00314 0.367835 -6.74818 -3.74711 -10.0788 7.15686 -6.30402 2.29823 -5.50826 -1.49387 10.5854 -2.42463 4.23653 -2.20079 1.60337 4.53562 -5.61327 7.05728 7.77355 5.70786 5.61441 1.95699 4.28599 0.849261 2.04435 -0.658287 -5.56491 3.60508 0.838671 3.48721 7.78666 1.99303 -2.83358 5.2252 -3.06545 1.93238 -4.66872 -1.86459 -5.55894
layer: 0 neuron: 43 3.44925 -11.5759 -5.70658 3.12968 5.79498 3.16254 3.46091 4.054 0.979224 -5.14633 4.08621 -4.84265 -10.0603 5.93014 4.11696 6.94889 8.38543 11.3111 14.2432 -7.05981 -10.4463 3.95953 -9.3843 -6.79752 1.4619 -0.0695329 -0.35606 -7.41918 -0.575633 -5.2237 -1.56492 8.84754 -5.68205 1.25991 -3.61341 0.426653 -4.07606 -2.06369 -1.02841 0.367971 9.81917 8.11414 3.7345 -3.73484 -10.7193 2.6623 -2.09473 -7.34573 -4.09545 1.52488 7.82538 0.3626 -2.75196 0.637504 0.924862 -6.96601 4.63055 -6.86722 -5.38274 -6.5122
layer: 0 neuron: 44 1.91824 2.18131 -6.73213 4.10738 5.85995 0.258964 -3.15152 4.06018 5.76454 -7.81348 4.27495 -2.706 -2.74659 3.13563 5.25033 6.1017 -0.863831 2.73146 3.77191 -7.40178 -6.53657 12.2129 -8.39322 -1.64852 3.14463 3.29785 4.83217 -1.10334 -4.86124 -7.6903 -0.888796 5.54616 -1.35485 7.36112 -4.00792 1.5959 -1.89894 -4.78642 0.206178 5.48042 7.00959 7.17909 -1.44641 -4.4561 -9.1404 2.0255 -0.328071 -5.81369 0.871092 -3.5201 1.8697 5.49259 -5.44883 0.705706 4.18235 -2.4506 0.176692 -5.41329 -2.89516 -4.22037
layer: 0 neuron: 45 7.98344 -2.41266 2.64778 3.43148 -1.35728 -0.712674 -1.80871 2.48489 -2.04665 -4.23211 4.74972 -1.3357 -1.47745 -0.529247 2.54342 3.47313 -6.38134 5.01671 -0.180429 2.12369 5.41654 9.84074 -4.56499 3.19343 8.2771 -0.622374 -2.4805 0.226121 -6.45575 -4.06463 -3.62813 -6.28098 7.59953 0.512977 3.29317 -2.58182 -2.31794 1.48853 4.85334 -1.19867 -1.99259 -10.6038 -6.29948 3.43458 1.57617 6.29708 1.45284 0.669755 -5.41278 6.24304 5.5071 -1.18512 -4.56079 -3.81646 -4.46774 2.60772 -6.53231 -4.56851 5.68174 11.4482
layer: 0 neuron: 46 10.3843 -9.07438 1.88301 -5.43929 -5.79325 -4.34275 -4.58801 -2.7805 7.06821 0.1402 0.88641 -0.873232 2.70048 -3.06944 1.58548 -5.04636 -5.49501 6.6587 -7.52446 11.6179 5.58877 0.190696 0.60706 4.13677 10.3457 -3.76857 6.58562 3.7631 -1.69015 4.88637 -2.91404 -8.25068 2.84402 8.86634 6.91404 -1.99252 -2.37977 -4.78926 6.74188 7.52629 -4.1537 -21.9507 -7.04249 3.67728 3.37293 1.67741 -3.34765 1.21862 7.8211 9.34777 -1.84265 7.53617 4.17582 -4.81797 5.89626 11.594 -8.04767 -0.342099 6.01578 15.794
layer: 0 neuron: 47 7.24462 -1.0055 2.33538 -8.21769 0.186462 -2.11116 2.29619 -4.42298 -13.2961 9.85991 -2.49598 3.5407 9.55514 -1.27441 -9.47099 -3.74916 1.85489 -2.02244 3.30761 4.98317 4.24736 -6.52767 4.44352 4.67857 -0.633325 -2.14075 -13.2157 6.40317 3.90465 8.7196 -0.614357 0.320605 -9.12319 -16.6854 3.0103 -2.75409 2.47194 4.72707 0.757204 -12.934 -4.40313 2.94061 -4.0545 -0.871804 -0.192653 2.10208 -4.28886 -0.389074 -18.7207 1.54811 -6.09613 -12.9101 3.45178 -0.563518 -17.1838 5.59563 0.933979 3.82672 0.026332 -10.66
layer: 0 neuron: 48 -1.05725 0.396407 1.33044 1.19357 1.02689 -0.203921 0.341182 3.21872 -16.9267 1.09515 -1.53763 0.85871 -0.570192 -0.48209 -0.238455 0.81738 -0.703753 -0.794369 -0.0272039 1.36585 2.05113 -1.70995 0.833827 -0.118549 1.31465 -0.00784607 -17.1731 1.607 1.72948 0.119081 1.09948 -0.837202 2.22296 -21.4576 0.576979 0.563671 0.518932 13.812 -0.034952 -15.9496 0.512775 1.75557 1.85996 0.807774 0.31546 0.197909 1.3364 1.33215 -26.4193 0.128954 0.372433 -15.9182 -1.86308 -0.0807103 -22.1182 1.419 0.377241 0.801068 0.836312 1.19752
layer: 0 neuron: 49 -0.67852 0.775141 1.70918 1.5723 1.40563 0.174814 0.719916 3.59745 -16.548 1.47388 -1.1589 1.23744 -0.191458 -0.103355 0.14028 1.19612 -0.325019 -0.415635 0.351531 1.74459 2.42987 -1.33122 1.21256 0.260186 1.69338 0.370889 -16.7943 1.98574 2.10821 0.497816 1.47822 -0.458467 2.60169 -21.0788 0.955714 0.942405 0.897667 14.1907 0.343783 -15.5709 0.891509 2.1343 2.2387 1.18651 0.694195 0.576644 1.71514 1.71089 -26.0405 0.507688 0.751167 -15.5395 -1.48434 0.298024 -21.7395 1.79773 0.755976 1.1798 1.21505 1.57625
layer: 0 neuron: 50 -0.868925 0.584736 1.51877 1.3819 1.21522 -0.015591 0.529511 3.40705 -16.7384 1.28348 -1.3493 1.04704 -0.381863 -0.29376 -0.0501251 1.00571 -0.515424 -0.60604 0.161126 1.55418 2.23946 -1.52162 1.02216 0.0697807 1.50298 0.180484 -16.9848 1.79533 1.91781 0.307411 1.28781 -0.648872 2.41129 -21.2692 0.765309 0.752 0.707262 14.0003 0.153378 -15.7613 0.701104 1.9439 2.04829 0.996103 0.50379 0.386239 1.52473 1.52048 -26.2309 0.317284 0.560762 -15.7299 -1.67475 0.107619 -21.9299 1.60733 0.565571 0.989398 1.02464 1.38585
layer: 0 neuron: 51 -1.08475 0.36891 1.30295 1.16607 0.999397 -0.231418 0.313684 3.19122 -16.9542 1.06765 -1.56513 0.831213 -0.59769 -0.509587 -0.265952 0.789883 -0.73125 -0.821867 -0.054701 1.33836 2.02364 -1.73745 0.806329 -0.146046 1.28715 -0.0353432 -17.2006 1.57951 1.70198 0.0915842 1.07199 -0.864699 2.19546 -21.4851 0.549482 0.536173 0.491435 13.7845 -0.0624492 -15.9771 0.485277 1.72807 1.83247 0.780276 0.287963 0.170412 1.3089 1.30466 -26.4468 0.101457 0.344935 -15.9457 -1.89057 -0.108207 -22.1457 1.3915 0.349744 0.773571 0.808815 1.17002
layer: 0 neuron: 52 -0.727106 0.726556 1.66059 1.52372 1.35704 0.126229 0.671331 3.54887 -16.5966 1.4253 -1.20748 1.18886 -0.240043 -0.151941 0.0916944 1.14753 -0.373604 -0.46422 0.302945 1.696 2.38128 -1.3798 1.16398 0.2116 1.6448 0.322303 -16.8429 1.93715 2.05963 0.449231 1.42963 -0.507052 2.55311 -21.1274 0.907128 0.89382 0.849081 14.1421 0.295197 -15.6195 0.842924 2.08571 2.19011 1.13792 0.645609 0.528059 1.66655 1.6623 -26.0891 0.459103 0.702582 -15.588 -1.53293 0.249439 -21.788 1.74915 0.70739 1.13122 1.16646 1.52767
layer: 0 neuron: 53 -1.4778 -0.0241383 0.909899 0.773023 0.606349 -0.624466 -0.0793634 2.79817 -17.3473 0.674603 -1.95818 0.438165 -0.990738 -0.902635 -0.659 0.396835 -1.1243 -1.21491 -0.447749 0.94531 1.63059 -2.1305 0.413282 -0.539094 0.894105 -0.428391 -17.5936 1.18646 1.30893 -0.301464 0.678938 -1.25775 1.80241 -21.8781 0.156434 0.143126 0.0983868 13.3914 -0.455497 -16.3702 0.0922294 1.33502 1.43942 0.387228 -0.105085 -0.222636 0.915856 0.911609 -26.8398 -0.291591 -0.0481124 -16.3387 -2.28362 -0.501255 -22.5387 0.998454 -0.0433041 0.380523 0.415767 0.776974
layer: 0 neuron: 54 -1.05042 0.403243 1.33728 1.2004 1.03373 -0.197085 0.348018 3.22555 -16.9199 1.10198 -1.5308 0.865546 -0.563356 -0.475254 -0.231619 0.824217 -0.696917 -0.787533 -0.0203677 1.37269 2.05797 -1.70312 0.840663 -0.111713 1.32149 -0.00100992 -17.1662 1.61384 1.73631 0.125918 1.10632 -0.830366 2.2298 -21.4507 0.583815 0.570507 0.525768 13.8188 -0.0281158 -15.9428 0.519611 1.7624 1.8668 0.81461 0.322296 0.204745 1.34324 1.33899 -26.4124 0.13579 0.379269 -15.9114 -1.85624 -0.0738741 -22.1114 1.42583 0.384077 0.807904 0.843148 1.20436
layer: 0 neuron: 55 2.5517 0.223349 -2.43682 -3.48513 0.33195 0.370763 -1.40773 -0.29976 -5.14507 -0.204676 -1.35835 5.74854 0.429009 -1.55209 0.637446 -1.20186 -2.27226 -2.41289 2.36429 5.46328 -4.96414 -3.35469 -2.94427 2.4043 1.17089 3.84726 -5.79597 1.09363 0.198612 0.307193 2.20527 -2.80356 -4.36923 -7.01819 -0.563197 0.986959 1.62189 3.29485 1.3603 -4.7811 0.0516882 1.94458 1.36532 -1.6633 -2.12903 -1.37013 -1.47933 -1.5312 -10.8607 3.6561 -2.58518 -4.77486 2.57183 1.70583 -10.1169 1.58344 0.82095 0.64424 -3.15006 -4.83242
layer: 0 neuron: 56 4.98094 -1.73125 1.12682 1.94086 -2.33134 1.46062 1.10219 -7.58487 5.84723 -1.1696 -9.78903 -1.70076 -2.43104 -2.6736 1.65011 -2.59387 3.252 -0.728988 -0.951529 11.1697 -1.1249 -5.38792 2.02727 0.575738 -8.08848 2.17895 5.37915 -8.77623 4.70184 -5.61433 5.86486 0.273081 -4.27908 0.774136 -5.41874 -1.41938 1.72256 -6.37661 4.07147 6.92906 -0.797043 -1.84168 1.04616 2.27857 -2.38878 3.38584 -2.16594 6.0599 0.0579911 0.860606 -5.63792 6.92324 14.3649 -1.21334 0.180032 1.28785 1.36249 -1.79637 2.70214 -3.71602
layer: 0 neuron: 57 0.393162 -2.35737 -1.82241 1.82368 -3.17917 -1.04291 -0.184594 -11.266 3.89103 -0.959712 9.02806 -3.11457 -2.00965 6.66745 11.3536 2.81628 8.89168 10.8324 6.86923 -8.78849 -9.46925 5.02073 -5.68568 0.341961 -11.41 2.17544 3.7265 -2.34108 -5.46363 1.61216 1.27752 1.67784 -6.87775 -4.03206 -1.48563 -0.322191 -7.22659 -0.4616 4.64303 4.32056 2.10209 -11.8997 -5.70134 8.17242 4.72879 0.59012 2.90136 4.38542 -2.7645 2.19827 6.01086 4.33751 4.56731 2.70241 -0.266682 -6.46401 -0.239483 5.40734 -2.83174 -2.95195
layer: 0 neuron: 58 0.00592404 3.2823 0.990492 2.51317 -1.14726 -0.245432 -2.96765 -12.8378 -1.21347 -2.52447 10.9629 1.55759 -1.41111 8.47672 4.06578 2.16687 2.57376 2.15282 0.191392 -11.821 -10.2283 7.60805 -2.29404 3.17327 -5.46849 -3.66374 -1.20171 8.26289 -6.06871 2.99908 -6.81298 2.06357 -9.54953 -5.42958 -0.38189 -3.2404 -4.60561 1.37852 0.90581 -0.96684 -2.87164 -1.05196 1.96246 5.48805 0.406004 4.12636 0.507744 -1.4728 -8.11186 3.5963 6.87964 -0.952326 -0.843846 3.71718 -4.69927 -6.6288 3.33869 5.94087 -8.46064 -4.48743
layer: 0 neuron: 59 4.33772 2.92209 0.311038 0.613101 -1.77811 4.17336 2.24191 -9.98739 -0.836886 1.22562 5.16034 -5.98869 0.390855 4.18835 3.52464 1.24928 2.12197 1.88787 -3.83519 -11.1183 -0.49697 9.06273 5.12932 -2.63418 -0.661867 -5.66949 -0.691114 10.6823 0.536727 4.37343 -9.1472 1.61242 -6.41878 -3.05845 0.365287 1.80936 2.54511 1.90619 -1.26721 -0.333024 -1.26787 9.95194 1.99498 -1.46101 -4.91293 6.36832 1.90568 -3.27231 -6.59752 -3.41213 0.857013 -0.328882 9.30581 6.7884 -4.60278 -3.11797 4.41562 0.96105 -5.1159 -0.649714
layer: 0 neuron: 60 4.06437 2.73995 -2.06432 -4.30044 -0.347135 5.31839 6.85366 -7.11538 6.92028 7.79943 -4.90641 -6.12738 5.08862 0.767405 -0.218747 -1.12484 2.3098 -3.77285 -3.56455 5.33869 6.04053 -3.86668 11.8154 -4.64925 0.682843 -2.3542 6.38505 1.99704 6.59247 -0.850198 0.339342 3.66609 -4.89637 3.80752 1.54764 5.87377 3.56919 -6.51006 1.42676 6.87574 2.77521 15.9003 3.01569 -5.50943 -9.38374 7.23534 -1.09148 2.46282 1.7957 -4.4781 -7.07593 6.86312 14.209 -0.24804 1.65074 1.02437 6.43486 -1.98921 -4.65356 -6.81595
layer: 0 neuron: 61 3.51156 1.00329 -3.5242 3.79216 6.62558 0.580043 -2.08174 3.82254 -14.5435 1.83243 -2.48767 5.5219 -2.99456 2.27134 -0.737286 2.35359 -4.81553 -5.64262 2.3218 4.19953 -0.721335 -0.874335 -4.10078 0.739132 1.94944 1.97496 -14.6914 -0.816277 -1.88293 -5.76933 3.35777 -2.94547 -1.08693 -17.4286 -1.72793 -2.26409 2.5476 7.48753 0.623909 -13.5165 -2.65258 4.43371 1.06402 0.830598 -3.09946 -3.0553 0.468975 2.45625 -21.1681 1.93206 2.13081 -13.5136 2.59758 -4.17765 -19.8332 -0.565941 0.412045 -2.27289 -4.66573 -4.35963
layer: 0 neuron: 62 -0.830472 0.62319 1.55723 1.42035 1.25368 0.0228624 0.567965 3.4455 -16.6999 1.32193 -1.31085 1.08549 -0.343409 -0.255307 -0.0116718 1.04416 -0.47697 -0.567586 0.199579 1.59264 2.27792 -1.48317 1.06061 0.108234 1.54143 0.218937 -16.9463 1.83379 1.95626 0.345864 1.32627 -0.610419 2.44974 -21.2308 0.803762 0.790454 0.745715 14.0388 0.191831 -15.7228 0.739558 1.98235 2.08675 1.03456 0.542243 0.424692 1.56318 1.55894 -26.1925 0.355737 0.599216 -15.6914 -1.63629 0.146073 -21.8914 1.64578 0.604024 1.02785 1.0631 1.4243
layer: 1 neuron: 0 -0.293877 -1.9003 2.7261 3.42973 0.919225 2.1503 0.595144 -1.80213 2.42063 -0.524256 -1.72089 0.413154 0.0464159 -0.623599 -0.203278 -0.183781 -1.00419 1.53488 -0.971598 1.18691 -0.691038 -1.28207 -1.57431 -0.405096 -0.0526767 -1.96876 -0.382739 -1.06819 2.9453 0.303239 0.885267 -2.79172 -1.154 -1.98559 -0.057372 -2.60764 0.022309
layer: 1 neuron: 1 -1.07043 -0.372164 -1.21741 -2.59593 0.231432 3.28592 0.886785 -1.00896 -1.24297 -1.14686 1.99671 -0.309094 -0.0248567 -1.26024 0.32897 1.25701 0.6226 -1.65072 2.75956 -0.389872 2.07013 1.0777 -1.88788 -1.27806 1.62249 -1.45858 2.22789 -2.23112 1.08237 1.74636 -1.71092 1.30863 -1.52359 -0.841489 -1.1679 2.39697 0.477798
layer: 1 neuron: 2 2.07681 1.11238 -0.909429 -0.702434 1.57633 -1.81856 -1.96156 -0.153072 1.68153 0.00644141 -1.43618 0.803001 1.00268 -1.66697 -0.553696 0.556555 0.76286 -0.160238 0.817385 0.0778686 -1.12574 -1.27146 1.13475 -0.639044 -1.49263 0.819075 -0.481696 -1.7809 2.06222 0.0357508 -2.6705 -0.120992 0.0683246 1.49283 -0.127986 -0.00916643 0.290109
layer: 1 neuron: 3 -0.101547 -3.72669 -0.735579 -2.06147 1.63564 -1.09239 1.56621 0.536601 1.40594 -1.77008 0.736782 -0.540644 -1.36579 0.19041 -0.0929798 -0.729804 -0.849086 -0.899683 4.05423 1.69516 -0.832427 0.551328 -0.0124568 1.25021 0.540645 -0.213993 0.992131 -0.150847 -2.2176 -0.683938 0.544152 2.42423 1.80952 0.375212 -2.86789 -0.634601 0.685507
layer: 1 neuron: 4 -0.363332 1.11102 1.27833 -0.242699 1.05233 -1.17334 -0.238346 -0.165366 -0.748847 0.227547 0.39932 -2.87026 -1.00848 0.112685 -0.788239 -0.82987 -0.664579 -0.0270015 1.12073 0.910736 -0.362177 -0.259615 0.63984 1.0063 0.390665 0.107308 1.0788 1.47747 -1.79306 -0.173972 -0.889946 -0.0184595 -0.407181 0.103423 -0.514574 -1.88689 0.396405
layer: 1 neuron: 5 1.38126 -1.16356 -0.0625259 0.465798 1.47412 -0.469813 0.814447 -0.539114 0.86381 0.61925 -1.32916 1.10802 0.376531 0.0158882 0.641362 0.193066 0.241625 1.51225 -1.44758 1.15298 -2.10231 0.384173 -1.53145 0.871798 0.901529 0.5618 0.355274 2.04904 -1.01058 -1.399 0.05785 -0.571923 -1.98307 -1.10947 -2.73614 -0.0654775 0.890439
layer: 1 neuron: 6 -1.79407 -0.943168 0.0127475 1.55114 0.722271 0.0479885 -0.513231 0.999765 -0.513489 0.676715 -1.5136 2.37882 0.209306 -0.760768 1.61763 0.913781 -0.0286441 0.655177 -1.9294 -0.653015 -0.936643 -0.981165 -0.461624 0.0871025 1.46704 0.0122589 -1.67383 1.44808 -0.710294 -0.859831 0.41281 -0.365029 0.39144 -0.59907 -0.439664 1.38903 0.0745567
layer: 1 neuron: 7 -2.91347 1.31651 0.0360461 -0.103649 -1.46476 0.190785 1.6371 1.98441 -1.91206 1.64439 1.28992 2.2869 -2.21612 -1.69986 -0.713217 0.746229 -1.5559 2.68135 1.02924 -0.862966 2.41265 0.467355 0.927634 3.07194 -0.893948 0.86046 -1.96527 1.2581 -1.09195 1.11547 -2.68476 -2.69748 2.72084 -2.8459 1.31182 -0.974653 0.384442
layer: 1 neuron: 8 4.12831 3.7016 4.22356 3.86939 3.00468 3.68692 3.3209 3.50031 3.79727 3.12291 3.1922 4.22563 3.8628 3.88163 2.64225 2.38592 3.08371 3.78496 3.96169 3.10664 3.40494 2.40103 3.58613 4.38612 3.47087 2.60379 3.83273 3.86253 4.21093 2.71098 3.81929 4.17016 3.3983 3.87397 3.95246 3.94373 0.785485
layer: 1 neuron: 9 -2.24442 -1.0024 0.731738 0.236159 -0.346766 -1.18962 0.687769 -1.73739 3.37307 0.110145 -0.663581 1.18571 -0.480638 -2.30421 -0.535095 -1.20348 -0.17409 2.02257 0.303382 -0.628053 0.179303 -1.40066 -0.491312 -0.441475 -0.824968 -2.34768 0.792451 2.7656 1.72937 0.00733206 0.11918 -1.01864 0.695435 -0.457116 -1.03031 1.12931 0.33784
layer: 1 neuron: 10 1.83556 1.78436 0.780752 0.515648 -0.574768 0.0427618 -1.38654 1.17811 -0.486799 -0.442943 -0.968516 -1.11562 -0.0976077 1.71016 1.22469 -0.41402 0.0963705 -0.90937 -1.47452 -0.340918 -1.54705 -0.413133 0.00274603 0.0344465 2.34977 0.0624179 1.49186 -1.97409 -0.59229 1.02483 2.17029 1.32558 -1.89103 -2.55865 1.86352 -1.20058 0.671651
layer: 1 neuron: 11 -0.157033 0.909581 -0.271765 -0.667003 -0.204257 -0.910465 1.33739 -1.11359 0.23857 0.238608 1.88662 0.357389 0.535452 0.768135 -0.36217 -0.386072 0.569135 0.153255 3.26479 -0.210918 -0.710711 -0.0833191 1.85099 -0.00894364 1.24394 0.542562 1.24562 -0.773827 0.0654446 2.43792 -0.796759 -1.76201 -2.86996 -2.58081 -1.35886 0.266884 0.425581
layer: 1 neuron: 12 1.94669 0.669549 -1.2849 0.213547 1.26509 -1.14809 0.527545 -0.878617 -0.274863 0.83392 0.917914 0.37671 3.21191 -1.96234 -2.4041 0.925911 0.589711 1.95542 -1.10123 -0.0824049 -1.11275 -0.243999 0.0934343 -0.955383 1.88879 -1.03416 -1.47641 0.429619 1.96012 0.753089 -0.405492 0.872788 -0.587391 -0.466429 -1.18678 1.48224 0.21366
layer: 1 neuron: 13 2.06966 1.24585 1.76127 0.26969 0.46406 -0.273353 0.173155 0.0973117 0.371665 2.42911 0.702482 -1.65408 -0.615965 -0.974506 0.541414 -1.17742 0.364108 -1.9776 1.78838 0.0277443 -1.1138 -1.33424 -0.979938 -2.28732 0.588861 -0.971945 1.97071 -0.639341 1.3652 0.0310073 -0.0666273 1.11114 -0.75316 -0.230601 0.241336 -1.61642 0.252022
layer: 1 neuron: 14 -0.28775 1.00989 2.06674 1.30286 0.354645 0.586032 -0.415355 1.10828 -0.301844 0.628949 -0.599382 -0.337057 -0.761025 2.93054 -0.964421 -0.270587 -0.625984 -1.20733 -0.0251343 0.588907 -0.522661 0.810289 -0.927083 -0.127254 -0.0701294 -1.27409 0.390251 1.16273 1.08806 -1.87609 0.450796 1.4375 0.048976 0.0976709 1.18833 -2.25932 0.772271
layer: 1 neuron: 15 -0.574575 0.923772 1.04368 2.07832 0.322827 -0.570995 -0.35479 0.886698 1.00408 1.1507 1.64392 -1.54527 -0.952629 -1.08811 -0.498471 -1.23615 -1.71102 0.0314932 -2.15737 0.286927 -1.8436 -0.878948 0.537258 0.32896 1.78426 -1.08952 -1.06541 -1.49253 -2.43901 -0.43026 0.467854 1.17607 1.55386 1.14675 1.63648 0.178513 0.275857
layer: 1 neuron: 16 -0.993714 0.132218 0.577754 0.166805 0.431062 -0.62295 -0.592363 -0.00750757 -1.73335 1.59011 -0.333812 2.27158 0.437438 0.669498 0.571743 -0.108013 -0.348387 -2.06521 0.295709 -0.445405 0.446688 -0.110946 -1.81042 -3.24851 -0.704372 -0.076049 1.00453 2.82264 -0.512502 1.30306 -2.09136 -0.613179 0.743831 0.288795 -0.52575 0.18858 0.161382
layer: 1 neuron: 17 -0.918954 -0.3745 -0.693631 2.89552 -1.47047 0.627794 0.376769 0.00552045 0.0330322 1.01906 -1.39032 2.2668 -0.331849 2.82803 0.887736 0.325677 -0.730183 -0.668569 -1.95453 -2.22935 -0.199711 -0.895279 1.1733 -1.54347 0.725929 -0.712541 -1.5416 2.00962 0.100346 1.29622 -0.0368192 -0.0455517 1.83585 -2.01959 -0.542325 -1.77229 0.0477004
layer: 1 neuron: 18 -1.22542 -0.876405 1.27595 0.137319 0.292562 -1.51986 -0.0472161 1.31164 1.99749 1.83956 0.272207 1.8677 -1.22883 0.470084 1.48708 0.212933 -1.4071 1.57459 -1.06417 -1.31586 -1.57043 -0.0717904 2.48443 -1.9535 0.29041 1.12804 -0.0149035 3.19311 -2.59492 -0.0768836 -0.570125 -1.52714 1.07298 -1.85659 -0.160135 0.137826 0.0643635
layer: 1 neuron: 19 0.0215645 -1.87466 0.3478 1.6459 -1.13211 0.519136 0.259549 -0.965468 0.306355 -2.02159 2.4519 0.487081 0.083967 0.170577 0.242455 0.213363 0.451813 0.340078 -1.52841 1.08051 -0.42954 0.328466 2.10505 0.77355 -1.43419 -0.188844 -1.30231 0.226868 2.11396 -1.73566 -0.13562 -3.31176 -2.28858 2.76134 -2.06615 -0.89132 0.57506
layer: 1 neuron: 20 -0.383765 -0.149446 -0.491444 1.11517 -0.148027 -1.95396 -1.32023 0.148632 0.838216 -1.82546 0.664195 0.162266 -1.13054 -1.97024 -2.56356 -0.474319 1.24286 1.05295 -0.730685 -0.716525 0.311348 -1.19116 -0.611815 1.09301 0.582123 -0.608299 0.950312 -0.0432328 -0.305461 0.326526 -0.00859007 0.216579 1.50064 0.971285 -0.827606 3.19284 0.0986663
layer: 1 neuron: 21 2.87959 -1.85752 -3.3571 -3.22324 -1.29987 0.866672 1.77678 -2.6714 1.95566 0.473687 -2.93564 1.79574 -1.08474 2.56003 -1.48276 0.0130982 -0.327898 0.960725 -1.33191 -2.62723 -0.671945 0.175148 0.984103 0.71668 1.14557 0.24551 4.44368 0.765045 -1.62385 -0.221481 1.99084 1.3204 -0.573619 -2.29104 -2.08287 -2.09165 0.647359
layer: 1 neuron: 22 1.79098 0.367799 0.0357833 -1.28532 0.0873356 -3.29401 -0.500773 0.378998 -0.275428 1.42949 -0.542583 -0.175685 0.897988 -1.6683 0.838905 0.808435 1.15193 -0.334568 0.420028 0.0811126 0.667008 -1.28292 -1.06876 0.206276 0.226957 -0.799541 0.242068 -0.224263 3.25065 -0.304397 -0.464927 -0.336239 0.015443 1.63399 -1.39882 2.21324 0.282937
layer: 1 neuron: 23 2.12186 -0.612538 -2.03875 -1.84652 0.915543 -2.01311 0.596936 -0.0408012 -0.0233059 -0.323361 1.97045 0.331777 0.283843 0.483112 0.339689 0.626198 1.11299 -1.49724 0.770312 -0.76668 -0.568952 -0.328769 1.34612 -0.634188 1.15564 -1.3908 0.368263 -2.38779 2.07717 1.95457 -1.49343 -1.60981 -1.67947 -1.56554 -1.0915 2.7166 0.110813
layer: 1 neuron: 24 0.591267 0.774654 -2.22512 1.53099 0.894285 -1.88806 0.770545 -0.443573 1.85824 0.529023 2.49802 -1.96507 -0.526299 -1.18609 -0.145078 -0.176208 0.232265 1.83153 -1.51938 0.618205 -2.6356 -1.26005 1.42239 3.27917 3.18586 0.463655 -1.34811 -0.253228 0.149069 -0.455617 -0.0789806 0.831309 -0.615845 0.367766 -2.21713 -1.39295 0.184454
layer: 1 neuron: 25 0.0730073 -1.39469 0.216017 -1.30493 -1.83062 2.03152 2.63192 1.56655 -4.95298 -1.2415 1.73051 -2.61772 -0.568569 0.589747 0.454503 0.175189 0.701919 1.48245 -0.952133 -0.112243 0.97385 0.127465 -1.62956 -1.90756 2.21254 0.689218 -1.63081 -1.10703 0.471472 -0.0712651 1.68859 -0.840375 -1.70529 1.4306 0.137871 -1.40094 0.508194
layer: 1 neuron: 26 3.9162 3.68606 4.14576 3.85399 2.981 3.68624 3.33409 3.62296 3.7869 3.10238 3.18087 4.24696 3.88375 3.87527 2.58699 2.38519 3.10669 3.70398 3.96048 3.14207 3.40427 2.35865 3.57438 4.36571 3.22575 2.71372 3.86705 3.86028 4.26093 2.75127 3.86339 4.20095 3.52468 3.81532 3.94368 4.07103 0.754143
layer: 1 neuron: 27 1.46985 1.08741 -2.24695 -2.47894 0.823481 -2.01455 1.07491 -3.08314 1.711 -1.2858 -0.469107 -3.17179 1.33356 -2.21312 -0.905839 -1.08903 0.982804 -1.67217 -0.129733 -0.165038 1.6901 -0.805174 1.26608 1.2483 -0.601706 -1.21797 1.12864 -1.25836 1.22806 2.87208 1.29966 1.3195 1.23305 0.0462351 2.19427 -2.2032 0.311563
layer: 1 neuron: 28 -0.874719 0.951592 0.520545 0.897767 -0.426034 0.223814 -0.475585 -0.867888 0.144906 -0.868997 -2.11467 -0.0473789 0.68713 -0.680038 1.01542 -1.52078 -1.3457 -0.987286 0.66097 0.259811 0.0507197 -1.1328 -1.41744 0.285442 -2.26269 0.249476 2.11391 1.54602 0.70192 0.929283 -0.0769295 -3.30655 1.40199 1.67498 1.81504 1.0666 0.413221
layer: 1 neuron: 29 0.145051 -2.34782 -2.28383 -0.663265 1.44859 -1.44206 0.796283 -3.16197 0.748167 -2.0415 -0.134754 -0.935453 2.04581 -1.74605 0.613489 0.374287 1.14079 1.70024 -1.51854 -1.54029 -0.20166 0.0822003 0.866229 -0.79692 0.0676516 -1.90215 -0.768173 2.29645 0.335708 1.5524 2.77675 2.04624 1.94468 0.0906522 1.72313 -2.17397 0.307352
layer: 1 neuron: 30 -0.57074 -2.34345 2.39289 -2.2021 -2.88328 0.840973 1.08849 0.151406 -0.541181 0.743962 2.67431 1.06794 0.633653 -0.459735 0.147825 0.347848 -1.17482 1.28094 0.645352 -1.96552 0.0972285 0.248436 -0.956054 -0.991952 -2.30333 0.191919 -0.250736 0.511771 2.17217 -0.115326 -1.93718 -0.912948 1.38802 0.721366 0.0368012 0.477085 0.964568
layer: 1 neuron: 31 2.53678 -0.194425 1.26788 -0.0995611 -0.0994631 -3.54499 -2.19396 0.61515 -2.68713 -0.0823465 -0.158977 -0.558748 1.30679 2.63047 -2.01156 -1.27075 -1.56511 -1.02615 -0.680446 -0.258905 -1.45627 1.09987 -1.72585 0.388205 2.62039 1.12971 3.23772 0.115444 -0.729803 1.12797 0.393832 0.512621 -1.07009 0.441929 0.195079 3.09954 0.663106
layer: 1 neuron: 32 -0.395036 1.28164 -0.41063 -0.470864 0.49003 -0.561406 -0.0356235 1.56688 -0.406571 1.04598 1.19068 -0.743555 -1.81105 0.755025 -1.45457 1.39393 0.729835 1.60046 1.18542 -0.111054 1.29499 -1.02783 1.0425 2.23677 -1.15116 0.693252 -0.22951 0.257556 0.581956 1.0812 -0.526501 0.317913 0.863178 0.959184 0.829099 -1.50114 0.990204
layer: 1 neuron: 33 4.48405 3.75253 4.36646 4.15268 3.05663 4.18727 3.5205 3.08452 4.12983 3.11255 3.25008 4.59837 3.74253 4.28657 2.95584 2.2754 3.40225 4.10329 4.15385 2.99703 3.71003 1.82253 3.93452 4.85986 3.70236 3.37524 4.19765 3.68669 4.17073 3.4906 3.55848 4.24461 4.09497 3.73121 3.76032 4.00988 0.941557
layer: 1 neuron: 34 -1.03745 0.644606 -1.9938 1.3705 0.0142234 -0.978561 0.923998 -1.03728 0.710277 -0.249967 0.823659 0.433689 -1.56183 -1.45554 -1.97879 -0.396877 1.55895 0.64673 -0.47375 1.18308 0.0135316 -0.626026 0.123348 0.401182 1.40265 -0.891693 0.920729 1.15521 1.15896 -1.34368 -0.302297 1.93365 -0.699606 1.3363 -3.00466 -0.611974 0.187567
layer: 1 neuron: 35 -0.0171806 0.244683 0.858199 0.231662 -0.924808 0.983842 -1.34791 -0.458656 0.116613 -0.0726845 -0.376663 -0.0771874 0.960974 0.240813 0.58631 -0.452289 -1.00681 0.450053 -0.412087 -1.36146 0.767556 -0.682354 -0.637317 0.34771 -0.641075 -0.035752 -1.27013 0.744082 1.22024 -0.341565 0.589774 1.39834 0.725062 1.70788 -0.656185 0.246844 0.955351
layer: 1 neuron: 36 1.6795 -1.05772 -0.675923 -0.688968 1.31832 -2.20105 1.62482 -0.949277 -0.781463 -1.08427 1.14805 0.077514 0.690505 -0.112778 0.0528152 0.280119 1.87759 -0.891185 0.471401 -0.4009 1.89976 0.697958 -2.19227 2.0265 1.24885 -0.217633 1.39213 0.960658 -4.30557 -0.363347 0.199551 -2.5213 -0.838707 -1.40537 -0.173285 2.16191 0.216041
layer: 1 neuron: 37 -3.12655 -2.62718 -3.74962 -2.71861 -2.39153 -2.86853 -2.85691 -2.53756 -2.82702 -2.10302 -2.7916 -3.67314 -2.57114 -3.11864 -1.80599 -2.28945 -2.76855 -3.07336 -3.80054 -2.30231 -2.68559 -2.19579 -3.06966 -4.07889 -2.1665 -1.72477 -3.15683 -2.9173 -3.12982 -2.09247 -3.31922 -3.43817 -2.46017 -3.1774 -2.39578 -3.42 0.997314
layer: 1 neuron: 38 2.31647 -0.596296 2.5173 -0.195461 -1.3136 -0.835951 -0.856809 -1.42353 1.83575 -0.598658 0.243259 1.64188 -1.40289 1.90063 -0.548621 -0.495779 0.154769 -0.809216 0.443768 -0.473702 0.799578 -0.355346 -0.00594806 -0.776097 -2.31349 -0.848815 2.8969 -0.187805 -0.116166 -0.0963724 -0.305055 -2.24593 0.523939 1.2496 -0.286266 1.24225 0.697134
layer: 1 neuron: 39 3.81729 3.65818 4.12905 3.90652 2.9981 3.72123 3.29831 3.61771 3.76153 3.10212 3.2054 4.22062 3.66878 3.97955 2.51737 2.33664 2.99195 3.53239 3.96781 3.21246 3.40233 2.43419 3.57858 4.37462 3.0385 2.69982 3.87473 3.85377 4.2792 2.7059 3.74074 4.01054 3.50981 3.8768 3.95001 4.03186 0.765252
layer: 1 neuron: 40 -0.803233 1.66481 0.455285 1.17633 -1.64769 1.44621 -0.591087 2.22532 -0.58386 -1.53095 1.65857 -0.182043 -0.667526 0.549562 -0.484877 -1.85895 -1.77553 -0.0634255 -1.58741 0.0147533 -2.45041 0.429487 -1.65521 -0.255396 1.37247 0.295087 1.32728 0.594089 -2.02011 -1.32049 -0.984735 1.71921 1.09723 1.66365 0.365617 1.94059 0.663045
layer: 1 neuron: 41 -0.57264 0.146621 5.91741 -3.49951 1.37535 -0.85792 -0.246132 -3.0206 0.242042 -1.99735 0.0994565 -1.78353 0.352307 -2.11342 0.954372 -1.22509 -2.16114 -1.10498 -0.0556514 0.604327 0.491362 0.610831 -1.57686 2.29589 0.427692 0.210589 2.86968 1.38066 -1.67077 -1.72435 1.12505 1.73915 1.84947 0.0665412 -0.328062 1.72087 0.348399
layer: 1 neuron: 42 0.215158 -1.63604 -0.514917 -1.35543 1.32069 -1.43882 -0.509771 -0.91946 1.04233 1.13955 0.262876 -1.15872 2.15046 -0.530448 2.41113 0.406722 -1.73293 -0.534224 1.13374 -1.33695 1.28598 -0.75249 2.1918 1.14425 -1.05213 1.10652 0.204679 0.749288 -1.81401 -2.06799 -1.91469 2.38698 -0.149331 1.35848 2.43316 -1.25625 0.601001
layer: 1 neuron: 43 1.03542 -1.40246 -0.565951 0.83452 -0.405191 -0.409438 0.45349 0.332302 2.02023 1.05257 -0.47064 0.365867 0.337095 -0.49224 0.38126 -0.477569 -0.172851 -1.51403 2.85809 -1.12719 -1.32666 -0.146655 3.54223 -1.96562 -0.539907 -0.930345 -2.05788 -2.2762 1.15624 -0.722072 -1.41441 -0.525734 2.25261 -0.160064 1.27276 0.792027 0.0826136
layer: 1 neuron: 44 0.850634 1.21145 -1.21994 0.82247 2.01461 -1.35031 0.189999 1.19189 0.277538 1.59683 -1.67414 0.0790234 -0.754136 0.681492 -1.09691 -1.15837 0.831611 1.31791 1.95577 -0.996644 0.380834 0.208509 0.325524 -1.48755 0.660071 -0.250056 -1.30054 -0.759544 1.45647 -0.285498 -0.705538 -0.98345 -0.875721 -0.857345 1.81291 1.3786 0.922941
layer: 1 neuron: 45 2.0472 2.20443 0.901913 2.00843 0.563183 -0.016755 1.02337 -3.35884 2.90823 1.75419 -0.850257 2.95215 -0.404998 -2.08496 -0.689337 -1.31784 -1.39571 -0.985473 1.31423 2.37306 -2.05155 -0.130462 -1.66724 -1.18861 0.221562 -0.129181 0.697653 -2.36543 4.77957 -1.92504 -2.9334 -1.15362 1.12436 -2.59834 -1.36571 0.347501 0.0362255
layer: 1 neuron: 46 -1.07009 0.0634622 -0.123119 -1.19577 -0.48095 -1.19486 0.198539 -0.391637 0.875401 -0.490428 -0.720603 -1.5437 -1.99371 0.9028 0.309028 0.215227 -0.717341 -0.186607 -0.66979 0.249613 -0.252289 0.722665 -0.424138 -0.256038 0.123733 -0.379404 0.26229 -0.525663 -0.0763193 -1.21691 0.11491 0.0627465 -0.410532 -0.622011 -0.157716 -0.835709 0.824213
layer: 1 neuron: 47 -1.77609 1.48812 0.0332316 0.717107 0.80447 0.59489 0.314557 1.54079 0.440775 -0.618617 -0.338829 0.134149 0.912264 -2.3706 0.0315239 0.801622 1.07517 -1.31123 2.12325 0.164034 -1.19738 1.23087 -1.15535 -2.03482 2.50587 -2.01846 0.620831 -0.17468 0.618134 -0.383887 -2.86638 0.590703 0.24786 1.21171 -2.48064 0.0844717 0.484298
layer: 1 neuron: 48 4.35453 3.75985 3.735 4.22525 3.04056 4.03144 3.37832 3.48338 3.99105 3.30904 3.58234 4.48845 4.00981 4.28316 2.90129 2.57529 3.57314 4.04529 4.04723 2.90411 3.76105 2.47772 3.68591 4.62103 3.73964 3.04699 3.99004 3.94648 4.25231 2.93074 4.27512 4.55339 3.96328 4.24193 4.18819 4.14698 0.708914
layer: 1 neuron: 49 1.00466 -0.0634831 -0.586235 1.49749 -0.60803 0.501994 -0.561606 0.204192 2.20545 -1.14558 1.20843 2.48742 -0.958385 2.40439 1.12434 -0.528192 1.4274 -1.41156 0.0163558 -1.05054 0.470286 -0.411074 0.842966 -1.74156 0.0367483 -0.578947 2.04488 -0.044753 -0.477622 -0.139514 -2.01537 -1.27983 -1.80818 -0.956669 -0.595172 -0.167949 0.089877
layer: 1 neuron: 50 -0.122365 -0.309959 0.448811 1.81086 -0.54262 1.40179 -1.48507 0.846515 2.12394 0.925942 -1.29474 1.23572 -1.30398 1.35232 2.04484 -0.372819 -0.487405 -0.908289 -0.406636 -0.937468 -1.45545 -0.81934 1.31642 -0.496168 0.629201 0.0864876 -0.145357 -0.137442 -1.17729 0.897442 -1.1463 1.19744 -1.27041 -1.44608 0.269543 -1.78314 0.27427
layer: 1 neuron: 51 3.81381 3.65789 4.12829 3.9066 2.99674 3.72112 3.2976 3.61777 3.76002 3.09963 3.2049 4.21986 3.6682 3.97822 2.51052 2.33464 2.98629 3.53446 3.96741 3.21246 3.40124 2.43468 3.57812 4.37007 3.03319 2.70003 3.87186 3.8515 4.27858 2.70626 3.73558 4.0116 3.51011 3.87676 3.94961 4.03068 0.763939
layer: 1 neuron: 52 1.24658 -1.21682 -0.18665 -0.593976 -1.28704 0.473831 2.07864 -0.990062 1.27549 -2.06353 -1.21388 0.255364 2.42331 0.972288 0.87217 -1.73597 2.54956 -1.34143 -0.578768 0.231547 1.50844 0.369706 -3.33173 0.218145 -0.76237 -2.00387 2.631 0.0651492 -0.0930569 -1.45452 3.41178 -4.53842 -0.523101 -0.74618 -0.506081 0.633133 0.591845
layer: 1 neuron: 53 1.72699 -0.449977 -0.810834 -1.49149 2.55634 0.983657 -1.54268 -0.786305 -0.773701 1.04526 -1.32738 -1.419 0.819074 -0.266166 0.884137 0.582661 0.474674 0.270856 -1.05586 0.76229 1.14101 0.643864 -0.572893 -0.693016 -1.39048 0.736473 0.190224 1.31452 -0.253235 -0.782276 -0.145294 2.06828 -0.295857 -0.794352 1.48938 -2.95132 0.441633
layer: 1 neuron: 54 4.29514 3.71488 3.93141 3.82368 2.92352 3.7291 3.49984 3.58087 3.65063 3.29987 3.21362 4.43533 3.76286 4.24424 2.94223 2.33321 3.11089 4.0263 3.91849 2.85995 3.68022 2.6735 3.87678 4.54855 3.71937 3.06504 4.22019 3.78297 4.03546 2.96543 3.84372 4.61679 3.78839 4.14169 4.26484 3.94353 0.71926
layer: 1 neuron: 55 0.214421 1.41739 -0.505573 0.643261 1.23008 -0.927363 -1.69142 1.28833 -2.39912 -1.73574 0.531279 -1.84736 0.268429 0.52722 -1.19258 0.138775 1.08992 -0.97636 -1.19332 0.214146 1.23031 -1.38675 1.55546 1.47258 -0.789897 -0.540276 0.172283 0.292247 0.567258 1.50692 -0.599179 -1.66891 -0.844854 2.66098 0.54058 -0.859989 0.42259
layer: 1 neuron: 56 0.773708 0.323451 1.41924 -0.905909 0.940814 -0.87494 1.15594 -1.25341 -0.365239 1.28176 0.663422 0.0507275 1.37878 -0.751938 0.667861 -1.07487 -0.0230803 -0.445853 0.597563 0.841664 -1.07854 -0.526191 -1.00479 -1.06113 2.032 -0.0757958 1.39714 1.71671 -0.187316 -1.21467 -0.859325 0.68102 0.733625 -0.696033 -0.626926 1.61437 0.152898
layer: 1 neuron: 57 -0.802884 -0.902101 0.25703 1.03262 -0.00745575 2.47139 0.997013 -0.360833 1.62714 -0.729722 -1.91123 -2.4633 1.30513 -3.14018 2.0807 -0.232801 -0.217784 2.47715 -0.28576 0.648543 -0.629908 1.18433 2.09018 -2.63483 -2.15274 -0.296847 -1.50542 -1.51138 2.46719 0.708191 1.56466 0.600971 0.321707 0.363332 0.781341 -0.49661 0.594684
layer: 1 neuron: 58 -1.63386 1.2025 -0.88679 1.61734 1.18398 -1.62634 -0.0968244 -0.707594 -2.73986 0.350117 -0.578786 3.15662 -0.385318 1.31868 -2.22121 0.155269 1.31418 0.163498 0.69041 -0.429496 1.24356 -0.849673 -0.212308 1.15405 -0.0230435 -0.941679 0.597496 0.696774 0.721548 1.09648 -0.305532 -0.886959 2.019 0.280203 -2.31712 0.00708379 0.409803
layer: 1 neuron: 59 1.88609 -0.585676 -3.82707 1.69661 -1.52617 1.21017 -0.617793 0.0951156 0.90711 0.181014 -1.2707 0.461077 -1.72245 -0.0455986 -0.27013 0.270113 0.014496 1.18876 -0.874634 0.581852 -0.430722 -2.25888 -0.0431387 2.91571 0.612045 0.444776 -2.37082 -2.64671 1.52336 0.0408212 0.596929 -1.7396 1.00509 -0.741074 0.684316 -2.24735 0.927366
layer: 1 neuron: 60 -3.6042 -2.79861 -3.34649 -3.30558 -1.94398 -3.16354 -2.58195 -2.92982 -3.26885 -2.35841 -2.65055 -3.70738 -2.97185 -3.39098 -1.93067 -1.62544 -2.71596 -3.0251 -3.1 -2.22932 -2.85141 -1.69945 -2.81664 -3.29727 -2.73533 -2.01002 -3.18322 -3.0108 -3.47004 -2.32317 -3.36965 -3.5611 -3.03881 -3.32918 -3.19013 -3.43087 0.833155
