topology: 58 60 36
layer: 0 neuron: 0 355.283 690.011 -286.917 -745.207 -390.32 402.007 534.089 312.677 -399.542 1381.73 -157.689 -319.316 -497.329 -717.812 65.4227 102.893 -5.84263 388.376 108.582 418.37 -100.976 33.019 -470.018 -82.711 -5.91483 307.362 850.57 315.821 262.936 556.713 504.151 287.887 722.587 158.913 -442.084 -395.07 -499.648 -296.701 144.839 -510.177 -168.086 -215.276 -409.366 959.681 11.1755 513.319 -701.756 365.894 422.908 400.808 -124.198 1100.86 593.585 -442.006 391.425 -180.031 394.928 321.32 -511.978 -956.074
layer: 0 neuron: 1 866.65 244.716 756.333 -817.38 -0.520471 -550.4 -145.599 -109.277 377.77 1059.15 39.0589 285.943 -309.305 933.321 518.477 592.027 290.652 126.495 326.778 445.876 -538.75 -680.252 -413.021 -154.886 333.722 525.876 133.866 -220.336 10.3288 317.219 -499.276 -61.1119 146.946 342.534 715.637 -251.256 70.4713 4.98971 -93.3605 -164.939 -20.3534 260.912 289.498 -376.982 206.07 -250.376 -139.85 639.804 -188.714 -550.674 592.727 -403.361 1243.37 -527.264 -552.814 -161.439 -552.015 233.938 133.614 492.406
layer: 0 neuron: 2 153.848 -148.714 150.355 -638.766 -17.7822 -270.341 -327.547 -585.545 -433.686 520.269 154.204 227.201 -272.618 -105.978 -219.083 -511.906 -88.4864 -470.718 -192.5 429.123 -387.993 -459.887 190.716 64.9689 -682.106 405.437 15.4365 -427.003 -78.7892 -560.176 -881.727 -562.159 118.071 121.344 115.23 36.5144 425.633 372.083 7.42085 -78.7317 176.52 652.656 400.189 15.4698 -484.974 -343.651 331.013 -413.897 -615.581 -270.204 -94.6922 -425.618 -320.052 -157.428 -269.133 -105.992 -269.533 90.778 58.6364 -238.98
layer: 0 neuron: 3 -499.093 -272.921 -157.801 24.422 -99.2573 -916.872 166.365 -268.468 -184.745 304.174 441.464 -116.68 -420.989 -661.838 157.277 -443.205 40.5673 -519.862 -145.788 -45.2717 -569.604 -9.64598 -581.061 645.52 -69.6398 690.97 38.6161 3.91799 595.528 -88.9771 -816.522 -40.2568 17.9302 -91.6664 -25.402 5.55953 997.917 -8.32928 106.963 384.754 101.314 621.043 238.161 129.958 -1063.52 -202.187 576.162 -971.385 278.756 -916.896 -223.232 -267.685 -237.635 -148.179 -917.088 -111.574 -917.016 -572.009 -269.366 26.8607
layer: 0 neuron: 4 45.8434 505.795 -98.2665 497.341 -242.872 -1268.57 466.069 292.783 -295.903 -866.266 325.306 480.41 -175.838 346.023 311.331 349.839 458.684 -261.544 -475.881 485.557 -1097.4 -330.184 -137.008 8.46561 247.024 -308.172 -220.225 -273.562 582.385 -12.0546 259.647 158.052 -685.958 -627.912 -559.298 -185.711 316.722 -163.508 -782.228 474.985 -612.955 -165.38 -398.292 30.6327 -312.008 231.518 302.024 1036.54 658.696 -1268.42 226.709 -348.115 -674.17 166.437 -1267.25 318.963 -1267.69 213.245 619.804 -434.984
layer: 0 neuron: 5 22.2716 41.9642 193.376 -793.135 177.809 1561.39 -764.928 -285.969 -151.868 -361.414 -239.761 130.763 149.181 614.536 -126.132 -12.3874 -185.584 -2.18978 -336.697 -27.0515 1588.61 -62.8262 -99.8596 -278.292 -243.406 -835.254 -379.239 90.7084 -80.5283 317.259 -120.464 -7.38462 -347.958 -158.866 -535.174 -361.625 -430.276 108.818 -148.844 -527.865 89.1862 -282.058 -167.305 -496.39 261.333 95.4826 -194.721 854.648 -262.974 1560.3 159.41 -563.854 145.429 251.9 1551.79 -8.45386 1554.96 237.307 135.67 745.378
layer: 0 neuron: 6 -84.0665 332.603 113.579 1338.01 336.553 -213.08 43.6846 3.13369 504.318 -252.25 -106.668 518.837 390.462 415.517 -73.0875 46.9416 21.1759 473.688 208.112 258.497 -197.043 587.158 846.716 424.489 -342.427 -37.8815 68.6978 622.685 -193.463 -367.318 467.536 493.462 311.98 -53.1196 465.377 568.625 42.3947 -158.209 528.437 730.028 445.716 134.646 720.338 -35.2878 401.332 371.601 316.237 17.4171 286.006 -213.68 153.007 494.327 5.14865 649.102 -218.372 226.009 -216.621 306.762 418.694 -417.85
layer: 0 neuron: 7 -282.637 -111.904 -411.35 -94.149 -72.692 -1213.22 514.441 -115.454 242.634 96.73 -294.169 -106.151 -41.3166 182.836 -145.761 584.401 27.0901 496.097 -153.863 354.992 -628.77 -255.83 74.0089 29.3207 -286.407 121.422 -362.54 102.186 -108.178 -550.437 -365.509 228.534 240.797 85.5954 232.608 -71.1679 -696.683 -57.1202 277.507 534.758 -218.98 190.234 601.951 2.38119 -243.35 11.8466 -987.309 112.348 81.5333 -1212.44 229.416 91.8155 219.002 -397.702 -1206.3 239.383 -1208.59 -5.74742 85.4966 84.6905
layer: 0 neuron: 8 -28.9221 -580.152 479.529 -111.059 263.443 -756.107 -4.42232 -539.445 -135.792 -3.62694 -393.743 57.763 70.7809 525.311 208.315 -53.0446 325.538 386.308 -218.611 426.206 -119.803 -146.816 -565.549 124.454 192.638 -577.592 -267.517 -26.8818 -160.08 -449.014 -660.265 46.3022 -266.661 -574.533 322.766 -185.902 107.31 259.28 -290.591 79.0645 -590.872 644.401 448.661 170.528 -273.695 -281.048 14.659 -747.902 -570.257 -755.297 303.206 -697.514 -141.25 -316.483 -748.96 444.186 -751.325 124.853 243.798 101.136
layer: 0 neuron: 9 508.104 54.6965 703.638 497.894 350.43 119.892 -195.747 -18.3276 -514.816 -216.592 -95.7975 552.047 184.257 486.194 431.667 -179.769 588.096 184.202 -111.652 770.543 436.896 327.466 -86.1878 152.2 229.394 -523.482 -16.533 -131.467 -73.525 -292.432 601.222 -223.237 -341.918 -320.889 240.332 142.805 658.688 292.345 -400.389 -95.8558 -303.709 258.052 128.988 370.034 842.244 -176.582 252.6 -97.7299 -375.332 119.313 490.266 -313.374 -372.03 -143.413 114.784 406.193 116.475 306.691 -10.9076 -60.1411
layer: 0 neuron: 10 162.633 244.11 -438.62 490.42 -51.1158 253.444 187.921 -149.665 390.104 -194.903 231.049 -781.287 170.126 -10.1763 -369.883 -232.868 -469.474 -101.131 -219.55 280.834 57.0567 471.706 935.512 -105.706 -658.534 205.133 -559.999 219.963 516.318 -18.171 1135.83 157.828 95.2471 161.484 79.0377 464.069 1239.2 -48.7763 -253.249 392.056 475.918 -213.17 -20.9028 43.8364 304.91 90.5093 931.418 393.14 506.895 252.404 -24.941 646.392 -325.941 1215.65 244.274 75.5019 247.309 296.324 6.8644 -463.254
layer: 0 neuron: 11 247.174 24.9358 -95.6932 298.063 -228.529 -93.3017 523.181 -79.2177 184.109 -302.947 314.247 -790.291 -176.337 -249.586 112.643 77.4466 -171.082 55.1343 -173.267 3.08103 -345.208 209.421 131.702 -59.638 -202.769 654.49 16.271 -8.00742 408.133 402.578 277.901 448.173 -146.67 83.7091 -87.0955 373.772 1018.76 196.654 -452.465 -17.3703 -98.5391 -144.47 -313.135 -186.64 194.19 308.207 1138.88 327.283 526.521 -94.2184 -247.476 650.892 -371.39 767.499 -101.388 -217.709 -98.7117 170.68 -87.1368 -358.178
layer: 0 neuron: 12 36.8038 392.712 341.574 -476.745 -231.75 630.955 -464.754 49.8901 -44.6315 470.421 363.068 5.42024 -618.393 -121.353 105.785 -439.464 -369.3 -556.965 -212.554 -625.882 198.038 219.542 -525.334 265.713 -155.239 388.06 574.186 103.004 459.432 590.469 -620.929 394.343 126.898 20.8084 -558.861 -402.902 307.266 -151.83 -250.764 -313.933 223.413 241.963 -131.014 -409.577 -714.134 203.562 878.305 250.064 522.486 630.46 -412.878 5.03232 383.061 333.514 626.591 -388.624 628.035 88.8616 170.697 -258.603
layer: 0 neuron: 13 -361.694 627.694 418.46 -88.2726 -54.1974 -38.5643 -296.608 179.835 -383.358 112.354 269.849 320.686 -523.605 -176.352 51.6131 -489.145 164.995 -652.384 -70.7938 -246.011 -473.019 510.004 -99.2973 -197.563 20.032 553.931 312.015 489.662 92.2371 206.71 100.17 -102.446 253.284 190.755 -16.9864 -245.259 29.9055 -321.669 209.17 -293.299 302.516 41.007 -336.229 338.288 -551.051 -278.54 -21.5731 -172.374 468.417 -40.5577 -145.742 -349.781 206.291 54.523 -56.1492 -336.442 -50.3291 274.818 75.0176 -981.576
layer: 0 neuron: 14 -20.9404 -18.556 -298.116 13.1841 -18.8111 -433.246 159.485 -213.566 65.452 -133.32 74.1494 -151.089 161.202 -8.56687 -214.131 158.457 -103.285 106.954 46.2896 140.521 -355.366 -383.975 210.631 53.8835 -146.741 79.6978 -273.906 -17.9436 -48.5475 113.09 -397.86 -29.657 -73.2595 232.215 54.6142 206.291 323.655 48.6117 157.449 113.459 233.541 -200.019 121.316 -47.744 -43.5151 44.3269 131.548 270.372 -79.6566 -434.412 -65.6531 39.932 -4.5928 4.10548 -443.53 -72.2993 -440.126 -186.689 13.7598 175.163
layer: 0 neuron: 15 74.4531 -3.39371 45.1767 -92.0444 0.584128 -329.271 44.272 -184.872 -85.3355 -23.4581 62.0425 189.514 195.562 92.8508 74.148 165.33 60.4434 -2.47093 120.285 284.625 -85.3771 -323.903 175.204 62.2143 -14.4973 -7.42278 -225.381 -125.894 13.2775 81.062 -205.52 -45.7944 83.297 251.649 15.361 141.652 4.24179 137.797 173.795 122.796 166.064 -84.1448 144.048 -266.479 298.611 143.928 -105.811 485.055 -70.9104 -330.234 38.6175 -61.3858 -54.7975 177.899 -337.765 34.9055 -334.954 -280.539 -264.963 387.797
layer: 0 neuron: 16 -31.4286 -428.273 -411.098 365.516 285.55 -525.564 -249.169 93.8154 1513.21 -598.545 333.983 -217.928 250.924 17.7172 -292.898 -72.3794 -533.422 44.8519 25.1318 -449.311 -175.072 -249.839 17.1491 100.884 -74.5452 818.389 -144.455 -227.975 -503.333 -268.506 -228.774 -87.4489 -244.712 264.041 286.103 53.7206 397.437 87.5727 212.44 -62.5173 401.731 -511.543 135.127 -386.636 430.817 -412.782 495.694 -385.787 -276.798 -526.066 7.76603 181.522 -597.604 -242.614 -529.994 -86.5204 -528.528 -431.647 -84.3421 372.474
layer: 0 neuron: 17 288.819 -94.9855 286.837 32.1966 68.8136 866.615 -113.954 91.4868 393.759 244.626 26.8293 120.088 -33.4325 322.136 348.789 -93.2278 116.565 139.514 -63.2687 -56.5006 586.121 101.129 -231.925 -17.6012 155.134 50.5229 146.018 -109.88 89.0301 -30.6735 56.6075 96.062 -25.1594 -297.513 213.985 -204.682 -21.0511 -64.3904 -271.434 77.521 -216.14 246.477 255.931 -167.263 253.422 -160.752 326.841 -170.801 -87.0684 864.179 161.307 -78.7275 358.61 -199.913 845.127 15.3655 852.239 -4.01671 88.6714 148.328
layer: 0 neuron: 18 52.6904 22.2833 -70.2971 -123.706 -13.5832 735.966 -35.757 -79.4653 88.5178 73.2862 94.6199 102.846 79.3466 60.7702 -67.4799 -97.5902 -151.612 35.2675 -31.1898 130.512 632.237 -298.968 -78.0331 150.704 -75.7928 -55.5107 -24.1034 -49.2186 36.0674 92.4267 -244.739 0.403737 -1.3907 -2.2418 -55.8639 -117.055 225.775 -11.6592 -114.37 34.5866 113.721 -65.6223 113.479 -13.0752 -85.2899 31.941 291.866 160.399 -87.5309 733.013 52.876 -50.3789 -86.3599 -161.898 709.914 106.927 718.537 -90.9708 36.0908 255.226
layer: 0 neuron: 19 183.502 69.5841 87.9777 -47.8273 69.1073 790.18 -136.845 -71.2935 -56.8207 9.47144 24.6881 160.443 93.2782 170.588 -46.365 -73.6746 -77.3338 70.3811 -30.5088 119.511 600.002 -163.674 -7.80725 -40.2806 -3.20511 -220.519 -10.7901 -36.9255 -119.606 131.38 -165.779 -53.1862 -57.0588 45.7777 -11.3428 -77.337 172.316 36.6385 -171.19 -131.985 88.8976 -94.3462 23.9967 -52.2454 92.9087 -16.9698 316.03 229.75 -213.337 787.136 64.5169 -128.633 20.347 -130.051 763.327 85.3942 772.215 84.8495 83.0349 204.341
layer: 0 neuron: 20 182.05 112.236 86.2973 -51.1762 -7.6187 831.188 -116.824 -80.1642 -91.5336 -39.8057 20.6685 234.511 44.7032 280.36 25.7119 38.5101 16.4598 109.259 -129.775 194.104 567.635 -265.298 -20.6171 44.3848 13.6771 -317.223 -49.523 -40.3565 -2.26691 152.989 -211.804 21.5047 -53.8381 -86.1557 -91.214 -110.395 131.674 -45.6392 -234.433 0.772761 31.6996 -53.4671 71.7977 -134.433 47.6396 56.7248 321.42 399.516 -106.736 828.135 56.94 -131.937 73.1791 -57.1829 804.257 100.575 813.17 54.2902 154.412 167.086
layer: 0 neuron: 21 88.5595 -0.344012 -4.8941 -67.5596 -42.5585 822.228 -39.9692 40.9035 7.22053 9.79539 64.522 103.67 110.651 -5.46885 17.3631 -129.566 -2.45936 104.394 -27.1317 45.3165 566.07 -94.6553 -44.1957 38.3708 46.8409 -171.056 21.2867 -73.8475 27.6463 92.8127 -109.021 -12.297 -13.777 -33.0254 -35.5731 -79.3916 115.322 -38.2949 -187.516 49.1124 27.4241 -26.3854 71.2538 -47.0761 -18.9694 -18.7371 273.617 54.89 -71.877 819.098 12.6799 -60.9578 -5.78044 -88.2789 794.624 0.66526 803.76 -56.6453 1.21794 67.3153
layer: 0 neuron: 22 91.2245 -70.6006 -1.6051 55.2724 32.721 757.525 -72.4993 37.1741 85.3417 12.7597 92.1149 56.7801 103.629 -30.2165 -12.569 -199.063 -83.2934 128.378 -4.73238 -31.1677 515.736 -25.989 -67.5687 51.1553 59.7661 -80.4257 78.0787 -46.1241 -37.6126 44.2311 -78.2267 -40.2425 -15.914 -8.90274 23.4694 -41.979 260.894 -20.5719 -159.261 0.72016 65.7614 -59.9472 75.9972 3.12769 81.1176 -73.0517 338.435 -110.551 -116.148 754.333 -33.6436 -9.1912 -81.567 -134.076 729.372 23.3221 738.689 -75.4914 -22.0572 20.9139
layer: 0 neuron: 23 54.2665 -95.8797 333.459 167.05 111.632 324.669 -397.442 299.28 -273.359 -179.021 -13.1568 -53.8119 152.299 -326.77 117.588 -719.534 196.785 -47.4973 184.372 -557.027 476.25 1186.17 -285.41 -368.378 486.73 -151.819 137.054 -132.755 -184.574 205.014 307.489 -216.752 -413.22 -25.4108 152.867 90.4254 146.974 226.495 -102.323 -493.892 -196.755 130.212 -227.383 155.819 -14.048 -421.786 339.097 -836.649 -288.346 322.655 23.041 -434.532 181.159 -133.686 306.9 -487.322 312.781 176.6 -58.5714 235.105
layer: 0 neuron: 24 -68.9948 -40.0083 27.6284 -82.6684 -140.632 1052.93 86.0787 150.949 -272.512 43.1931 -20.2881 4.31748 34.4397 -376.094 115.49 -474.583 70.9141 -62.8242 -164.555 -114.523 832.343 351.055 -133.925 -0.00293859 51.1897 -195.188 158.7 -23.7128 107.162 -15.8793 222.461 81.7045 110.916 -282.841 -145.31 -148.408 -115.25 -89.2068 -256.557 -43.8959 -239.874 156.121 -45.323 210.052 -144.268 -19.7638 190.578 -440.799 19.4537 1049.88 -60.2588 44.8763 -150.563 -151.946 1026.01 -12.9876 1034.92 47.4846 -114.586 -170.856
layer: 0 neuron: 25 -31.546 28.8314 105.034 -204.457 -144.461 1030.6 165.485 -17.8733 -349.524 421.253 36.0206 -82.4617 -5.11396 -357.11 101.757 -369.302 138.448 52.4677 44.2416 18.3468 761.33 290.077 -176.974 179.865 -9.87795 -103.398 167.772 81.5807 281.225 153.431 -128.019 156.171 198.086 -87.3083 76.6163 -62.4264 245.739 -17.8725 -159.323 172.728 -108.875 418.911 216.827 206.778 -462.472 19.6875 454.242 -419.057 43.3172 1026.98 7.6095 15.8012 275.545 -79.1829 998.649 -97.3554 1009.22 47.3964 -70.614 -18.098
layer: 0 neuron: 26 31.6139 -55.1029 -24.9855 177.391 -46.486 1091.93 12.7713 47.8358 -76.8139 119.485 82.6504 -125.433 211.785 -254.238 -1.03119 -282.604 -46.3728 208.255 55.2115 -103.942 840.353 380.558 99.4232 155.425 -45.03 -167.357 71.2471 9.4488 136.658 111.638 116.958 151.876 114.947 47.6512 92.2891 117.433 281.329 -4.60416 -131.024 217.642 69.1422 141.157 240.71 -27.8687 -64.2876 110.762 572.344 -197.27 -49.6829 1088.54 -73.5726 239.109 175.214 152.337 1062.02 -87.1806 1071.92 -1.48186 -95.4707 95.3441
layer: 0 neuron: 27 3.7828 -100.648 -80.8173 102.029 -9.74392 1194.25 43.0951 16.5462 73.384 113.798 48.5482 -132.829 167.623 -212.846 -28.4823 -180.809 -99.444 244.093 49.853 -115.802 922.593 177.46 -12.0522 118.06 -4.23677 -192.771 48.6079 -30.9957 62.389 55.1874 28.2015 113.145 72.4671 -5.47721 0.332596 48.954 170.499 -17.6836 -119.665 140.944 12.6717 63.3271 196.56 -63.4046 -6.66462 58.5 426.299 -173.073 -32.9603 1190.95 -82.779 176.803 63.9425 -25.8494 1165.17 24.4111 1174.8 -61.0092 -89.1304 146.144
layer: 0 neuron: 28 56.9449 -41.9467 9.45921 207.456 -10.324 1022.38 57.8943 191.985 0.38143 -68.4568 65.5128 25.5408 64.4905 -175.569 79.2923 -210.737 36.7028 139.691 -60.5493 -80.4874 747.744 164.42 -167.312 -47.4345 156.871 -187.876 120.944 -39.6369 0.425179 50.693 79.6205 57.4584 -75.6294 -150.591 -74.9726 -97.2896 113.875 -47.4936 -278.388 -18.7287 -152.52 -7.46558 -4.88947 46.7801 79.3741 -66.635 320.163 -221.386 -3.75686 1019.14 -47.3018 25.4287 -118.731 -170.186 993.798 68.0022 1003.26 -29.3447 -52.2192 20.9311
layer: 0 neuron: 29 65.2273 -60.641 7.69257 148.608 10.2244 801.037 23.8005 93.8 122.246 -69.7743 125.112 -19.1014 84.4084 -81.2526 47.1306 -182.863 -15.6737 65.2115 -11.7657 -33.8344 537.52 46.7471 -104.974 7.03172 98.1465 -96.1402 60.945 -16.6747 42.6514 91.0602 -7.14832 53.4347 -51.4153 -82.1434 -10.3178 -49.9503 261.811 -17.2819 -247.038 45.0972 -26.1769 -5.73387 9.47724 15.0194 5.84356 -61.3603 446.156 -158.849 -27.0076 797.712 -5.89878 -6.79018 -102.881 -14.1332 771.709 36.0998 781.416 -34.7656 -17.6359 6.54688
layer: 0 neuron: 30 102.278 -38.9585 -11.8295 -66.4504 35.473 748.642 -142.805 -157.4 41.9765 -152.066 64.7672 -62.3245 142.343 179.651 -33.4077 -178.661 -91.1299 -41.5991 -96.0899 29.76 554.217 -117.869 177.73 -106.8 -127.386 -223.678 -247.504 -3.37422 94.177 202.009 -62.7839 11.9701 -36.5438 37.2197 13.6159 -35.2908 344.263 22.2579 -150.682 55.9548 133.313 -119.105 67.4133 -219.049 123.581 -30.7641 475.988 219.387 -138.113 746.631 -15.7125 -58.6526 115.267 234.77 730.904 -19.2683 736.774 -41.1931 26.8995 192.043
layer: 0 neuron: 31 138.819 -21.4338 11.5168 -61.491 -1.0508 666.026 -30.3132 -46.8991 -40.9687 -44.1133 88.8247 -72.9894 80.0367 82.2413 32.0637 -133.848 -33.4466 72.2046 -102.29 70.1908 716.672 -77.8543 -14.5969 -19.5231 -36.3565 -177.174 -172.743 -9.87037 161.565 241.735 -108.226 80.0222 -43.2631 29.978 -25.1113 -89.4062 366.646 -5.47916 -263.753 63.6119 71.5301 -38.4765 137.872 -147.955 28.1764 -24.7758 384.819 167.742 -58.7211 666.05 -5.0614 -42.7487 136.754 69.4628 666.242 17.2508 666.171 -71.1424 -15.2487 369.593
layer: 0 neuron: 32 177.856 -13.1916 -26.0405 95.661 -1.02596 -29.6486 19.8988 -12.2441 -35.2223 -116.378 138.326 -106.912 37.0851 67.5944 -2.43786 -115.348 -93.0328 128.535 -144.306 95.2959 214.04 -84.6742 35.7361 -17.6757 -3.51127 -60.9665 -136.976 9.03273 129.759 229.958 -71.3589 64.9895 -32.6538 71.2797 26.051 -40.1542 557.458 -58.4219 -289.244 86.4105 136.431 -150.141 95.6965 -76.8348 108.956 -39.4434 495.078 166.845 -8.06054 -27.5038 -82.1005 69.3147 36.368 80.3114 -10.7283 35.9006 -16.9904 -59.0479 -7.12972 151.983
layer: 0 neuron: 33 80.2511 -133.675 -12.7508 -47.1636 118.345 496.846 -119.88 -162.291 209.5 138.492 186.075 -128.704 23.5352 5.47705 -34.2891 -271.987 -171.432 53.4658 -89.5262 39.8963 701.669 -208.221 -232.39 168.483 -14.1469 -81.0922 -47.0306 -102.897 203.546 183.514 -171.662 -104.135 -97.9069 -127.614 -49.987 -164.972 652.019 -18.5296 -322.934 83.3085 130.09 92.2544 139.053 -43.8101 -118.58 -161.357 627.29 -152.276 -77.8208 500.264 -45.5413 -125.821 -164.292 -64.0035 526.998 165.932 517.018 -169.111 54.5933 329.17
layer: 0 neuron: 34 250.181 -79.107 22.7488 -110.931 117.108 -236.149 -187.274 -160.01 166.437 117.676 166.408 -70.5118 26.7555 204.515 -55.0555 -198.956 -120.21 21.0783 -77.9089 150.06 133.751 -327.571 -87.3455 49.2392 -2.11496 -70.673 -25.8519 -126.933 125.284 182.911 -155.195 -171.589 -112.922 -94.621 14.0952 -130.069 656.214 31.9999 -372.807 21.4224 113.785 50.9181 86.3553 -4.96847 60.7173 -156 620.621 43.8659 -221.767 -231.216 -12.652 -128.961 -72.9622 -39.0823 -192.64 80.0002 -207.04 -73.9514 107.306 229.434
layer: 0 neuron: 35 306.842 -13.6082 76.2024 113.782 107.764 -597.919 -139.284 -3.41603 -50.5182 27.8996 145.127 32.5742 5.32897 183.904 21.3762 -215.597 -71.7598 152.227 -154.32 150.91 26.7421 -94.23 -37.1923 38.5065 91.6364 -67.5028 33.2758 -67.5232 59.7658 151.758 -24.1549 -116.716 -45.3284 -45.5964 58.549 -113.113 631.881 -48.6433 -441.942 29.1099 104.705 -24.0085 111.362 43.4822 235.138 -140.257 566.814 72.1626 -164.248 -590.801 -82.8723 -9.85181 -37.4272 -77.34 -535.135 95.5387 -555.915 -38.9843 60.0586 174.657
layer: 0 neuron: 36 258.725 -69.9686 31.4918 410.895 114.933 -1398.73 -20.939 -32.2292 85.2351 -61.432 228.066 -122.077 -21.6959 77.2951 -23.8876 -266.072 -127.565 151.342 -200.51 159.416 -496.371 -45.4324 -31.9376 136.345 106.377 125.582 73.5879 3.80785 111.367 129.764 -87.9566 -70.886 -71.9793 -67.489 147.942 -26.1379 985.241 -69.2475 -501.06 93.7521 168.27 -1.47507 83.4888 158.905 85.1685 -179.692 830.005 -152.939 -104.963 -1389.55 -131.584 82.2418 -221.187 -3.98586 -1317.69 66.2587 -1344.52 -59.4852 80.6159 -16.6616
layer: 0 neuron: 37 102.833 -38.4035 -11.2745 -65.8953 36.028 749.197 -142.25 -156.845 42.5315 -151.511 65.3222 -61.7695 142.898 180.206 -32.8526 -178.106 -90.5748 -41.0441 -95.5349 30.315 554.772 -117.314 178.285 -106.245 -126.831 -223.123 -246.949 -2.81918 94.732 202.564 -62.2289 12.5251 -35.9888 37.7747 14.1709 -34.7358 344.818 22.813 -150.127 56.5098 133.868 -118.55 67.9683 -218.494 124.136 -30.209 476.543 219.942 -137.558 747.186 -15.1574 -58.0975 115.822 235.325 731.459 -18.7133 737.329 -40.6381 27.4546 192.598
layer: 0 neuron: 38 139.35 -20.9031 12.0475 -60.9602 -0.520083 666.557 -29.7825 -46.3683 -40.438 -43.5825 89.3554 -72.4587 80.5674 82.772 32.5944 -133.317 -32.9159 72.7353 -101.759 70.7215 717.203 -77.3236 -14.0662 -18.9924 -35.8258 -176.643 -172.212 -9.33965 162.096 242.265 -107.695 80.5529 -42.7324 30.5088 -24.5806 -88.8755 367.177 -4.94844 -263.222 64.1426 72.0608 -37.9458 138.402 -147.424 28.7071 -24.245 385.35 168.273 -58.1903 666.581 -4.53069 -42.218 137.285 69.9935 666.773 17.7815 666.701 -70.6117 -14.718 370.124
layer: 0 neuron: 39 178.278 -12.7691 -25.6179 96.0835 -0.603399 -29.2261 20.3214 -11.8215 -34.7997 -115.956 138.748 -106.489 37.5077 68.0169 -2.01531 -114.926 -92.6102 128.958 -143.883 95.7185 214.462 -84.2517 36.1586 -17.2532 -3.08871 -60.5439 -136.553 9.45529 130.182 230.38 -70.9363 65.412 -32.2312 71.7023 26.4736 -39.7317 557.88 -57.9993 -288.822 86.8331 136.854 -149.718 96.119 -76.4122 109.379 -39.0208 495.5 167.267 -7.63798 -27.0813 -81.6779 69.7373 36.7906 80.7339 -10.3058 36.3232 -16.5678 -58.6253 -6.70716 152.406
layer: 0 neuron: 40 79.6334 -134.293 -13.3685 -47.7813 117.727 496.228 -120.498 -162.909 208.882 137.874 185.457 -129.322 22.9175 4.85929 -34.9069 -272.604 -172.05 52.8481 -90.1439 39.2785 701.051 -208.839 -233.008 167.865 -14.7647 -81.71 -47.6483 -103.514 202.928 182.897 -172.28 -104.753 -98.5247 -128.231 -50.6047 -165.589 651.401 -19.1474 -323.552 82.6907 129.473 91.6367 138.435 -44.4278 -119.198 -161.975 626.673 -152.893 -78.4385 499.646 -46.159 -126.439 -164.91 -64.6212 526.38 165.314 516.401 -169.728 53.9755 328.552
layer: 0 neuron: 41 250.503 -78.785 23.0708 -110.609 117.43 -235.827 -186.952 -159.688 166.759 117.998 166.73 -70.1898 27.0775 204.837 -54.7335 -198.634 -119.888 21.4003 -77.5869 150.382 134.073 -327.249 -87.0235 49.5612 -1.79295 -70.351 -25.5299 -126.611 125.606 183.233 -154.873 -171.267 -112.6 -94.299 14.4172 -129.747 656.536 32.3219 -372.485 21.7444 114.107 51.2401 86.6773 -4.64647 61.0393 -155.678 620.943 44.1879 -221.445 -230.894 -12.33 -128.639 -72.6402 -38.7603 -192.318 80.3222 -206.718 -73.6294 107.628 229.756
layer: 0 neuron: 42 306.714 -13.7357 76.0749 113.654 107.637 -598.046 -139.411 -3.54354 -50.6457 27.7721 145 32.4467 5.20146 183.776 21.2487 -215.724 -71.8873 152.099 -154.448 150.783 26.6146 -94.3575 -37.3198 38.379 91.5089 -67.6303 33.1483 -67.6507 59.6383 151.63 -24.2824 -116.843 -45.4559 -45.7239 58.4215 -113.241 631.754 -48.7708 -442.069 28.9824 104.577 -24.136 111.234 43.3547 235.011 -140.384 566.687 72.0351 -164.375 -590.929 -82.9998 -9.97931 -37.5547 -77.4675 -535.263 95.4112 -556.042 -39.1119 59.9311 174.529
layer: 0 neuron: 43 259.359 -69.3352 32.1252 411.529 115.567 -1398.1 -20.3056 -31.5958 85.8686 -60.7985 228.7 -121.443 -21.0625 77.9286 -23.2542 -265.438 -126.932 151.976 -199.877 160.05 -495.738 -44.799 -31.3042 136.979 107.011 126.215 74.2213 4.44126 112 130.397 -87.3232 -70.2526 -71.3459 -66.8555 148.576 -25.5045 985.874 -68.6141 -500.427 94.3856 168.903 -0.841658 84.1222 159.538 85.8019 -179.059 830.638 -152.305 -104.329 -1388.91 -130.951 82.8752 -220.553 -3.35245 -1317.06 66.8921 -1343.88 -58.8518 81.2493 -16.0282
layer: 0 neuron: 44 -108.377 56.6352 -25.149 -75.2426 -38.7282 -903.606 50.7111 -11.3687 -86.111 1.18 -76.4572 -77.4694 -109.298 -16.0173 -18.0089 160.326 66.1538 -149.005 7.74455 14.0586 -627.848 46.8717 55.9603 -45.984 -69.3927 119.429 -60.5089 31.7259 36.1939 -82.7384 80.8655 -4.9444 5.47749 20.2131 -30.758 42.7049 -219.449 18.6836 179.823 -22.4892 -52.0974 57.3705 -81.4537 45.1617 -113.633 38.1023 -400.695 42.2403 108.56 -900.209 25.8082 0.598613 33.2179 98.9934 -873.639 -47.9985 -883.557 52.6901 5.21389 -75.3239
layer: 0 neuron: 45 -108.038 56.975 -24.8092 -74.9029 -38.3884 -903.266 51.0509 -11.0289 -85.7712 1.51979 -76.1174 -77.1296 -108.958 -15.6775 -17.6691 160.666 66.4936 -148.666 8.08435 14.3984 -627.508 47.2115 56.3001 -45.6442 -69.0529 119.769 -60.1691 32.0657 36.5337 -82.3986 81.2053 -4.6046 5.81728 20.5529 -30.4182 43.0447 -219.109 19.0234 180.163 -22.1494 -51.7576 57.7103 -81.1139 45.5015 -113.294 38.442 -400.355 42.5801 108.899 -899.869 26.148 0.938406 33.5577 99.3332 -873.299 -47.6587 -883.217 53.0299 5.55369 -74.9841
layer: 0 neuron: 46 -108.557 56.4556 -25.3286 -75.4222 -38.9078 -903.786 50.5315 -11.5483 -86.2906 1.00043 -76.6367 -77.649 -109.478 -16.1968 -18.1885 160.146 65.9742 -149.185 7.56498 13.8791 -628.028 46.6921 55.7807 -46.1636 -69.5723 119.249 -60.6885 31.5464 36.0144 -82.918 80.6859 -5.12397 5.29792 20.0336 -30.9376 42.5254 -219.628 18.504 179.643 -22.6688 -52.277 57.1909 -81.6332 44.9822 -113.813 37.9227 -400.874 42.0607 108.38 -900.389 25.6286 0.419042 33.0384 98.8139 -873.819 -48.178 -883.737 52.5106 5.03432 -75.5034
layer: 0 neuron: 47 -108.357 56.6558 -25.1284 -75.222 -38.7076 -903.585 50.7317 -11.3481 -86.0904 1.20063 -76.4365 -77.4488 -109.277 -15.9966 -17.9883 160.346 66.1744 -148.985 7.76518 14.0793 -627.827 46.8923 55.9809 -45.9634 -69.3721 119.449 -60.4883 31.7466 36.2146 -82.7178 80.8861 -4.92377 5.49812 20.2338 -30.7374 42.7256 -219.428 18.7042 179.843 -22.4686 -52.0768 57.3911 -81.433 45.1824 -113.613 38.1229 -400.674 42.2609 108.58 -900.188 25.8288 0.619244 33.2386 99.0141 -873.618 -47.9778 -883.537 52.7108 5.23452 -75.3032
layer: 0 neuron: 48 -107.81 57.2023 -24.5819 -74.6755 -38.161 -903.039 51.2782 -10.8016 -85.5438 1.74716 -75.89 -76.9022 -108.731 -15.4501 -17.4417 160.893 66.721 -148.438 8.31171 14.6258 -627.281 47.4388 56.5274 -45.4169 -68.8256 119.996 -59.9418 32.2931 36.7611 -82.1712 81.4326 -4.37724 6.04465 20.7803 -30.1908 43.2721 -218.882 19.2507 180.39 -21.9221 -51.5303 57.9376 -80.8865 45.7289 -113.066 38.6694 -400.128 42.8074 109.127 -899.642 26.3754 1.16577 33.7851 99.5606 -873.072 -47.4313 -882.99 53.2573 5.78105 -74.7567
layer: 0 neuron: 49 -108.612 56.4003 -25.3839 -75.4776 -38.9631 -903.841 50.4761 -11.6036 -86.3459 0.945069 -76.6921 -77.7043 -109.533 -16.2522 -18.2438 160.091 65.9189 -149.24 7.50962 13.8237 -628.083 46.6367 55.7254 -46.219 -69.6277 119.194 -60.7439 31.491 35.959 -82.9733 80.6305 -5.17933 5.24256 19.9782 -30.9929 42.47 -219.684 18.4487 179.588 -22.7242 -52.3324 57.1356 -81.6886 44.9268 -113.868 37.8673 -400.93 42.0054 108.325 -900.444 25.5733 0.363682 32.983 98.7585 -873.874 -48.2334 -883.792 52.4552 4.97896 -75.5588
layer: 0 neuron: 50 -108.055 56.9578 -24.8264 -74.92 -38.4056 -903.283 51.0337 -11.0461 -85.7883 1.50264 -76.1345 -77.1468 -108.975 -15.6946 -17.6862 160.648 66.4764 -148.683 8.0672 14.3813 -627.525 47.1943 56.2829 -45.6614 -69.0701 119.751 -60.1863 32.0486 36.5166 -82.4157 81.1881 -4.62176 5.80013 20.5358 -30.4353 43.0276 -219.126 19.0062 180.145 -22.1666 -51.7748 57.6931 -81.131 45.4844 -113.311 38.4249 -400.372 42.5629 108.882 -899.886 26.1309 0.921255 33.5406 99.3161 -873.316 -47.6758 -883.235 53.0128 5.53654 -75.0012
layer: 0 neuron: 51 19.0413 -107.989 -58.408 223.279 -5.99302 -1263.38 -57.1358 336.247 -87.1027 2.17249 51.5291 1.92493 148.243 8.11253 -266.47 176.153 -33.6358 -94.9472 80.9168 8.2141 -209.76 -48.0112 -96.0415 -138.724 -17.6188 -570.489 -148.163 -92.6093 94.6504 -120.294 -59.268 -188.012 -140.096 147.306 115.199 -29.0174 116.255 104.118 63.5149 8.91083 -56.5997 75.173 55.0056 -35.3338 -212.019 67.84 -699.004 28.6027 -200.935 -1256.99 44.8177 -210.154 -96.682 63.0273 -1206.97 19.0843 -1225.64 -107.262 -94.3462 613.366
layer: 0 neuron: 52 272.807 -15.333 116.087 -237.059 -20.792 -1340.14 -71.734 526.88 291.883 -97.9417 225.995 505.647 865.934 91.6538 -23.8188 -228.211 115.873 372.617 349.841 -27.8463 359.889 224 -27.0074 275.401 29.2855 -617.788 117.42 -157.749 -101.052 -41.2762 -67.5126 284.903 -135.554 173.455 -44.1385 104.163 46.4982 331.512 34.5589 183.667 -75.3085 21.2964 545.391 -85.6272 249.53 421.653 300.378 98.4786 -531.53 -1332.56 390.196 -127.878 115.86 -13.4171 -1273.3 54.4562 -1295.42 -67.3292 -217.9 586.373
layer: 0 neuron: 53 -190.671 -182.697 -239.1 -613.087 -348.426 -642.697 77.27 -393.791 -91.6454 87.2829 -153.993 43.2657 196.463 -237.184 359.77 -237.684 356.72 236.098 47.0562 -338.172 159.393 6.37046 82.9163 167.184 -96.8077 0.0522916 -172.106 -287.153 227.164 135.548 -339.647 113.756 -55.9979 -57.9213 -2.40626 -48.1911 -528.205 -127.307 239.127 184.21 -67.6103 -71.1662 177.326 -513.307 212.267 269.14 348.406 95.2056 37.0562 -634.429 -105.533 124.961 508.65 7.27442 -569.762 -659.119 -593.902 -534.059 -155.305 199.9
layer: 0 neuron: 54 -40.3113 49.9863 135.105 80.4785 120.173 -296.86 83.9313 -497.923 -271.181 -43.9045 -212.048 179.94 -199.544 -227.504 316.121 -371.1 50.3473 -143.13 -251.319 -94.0682 277.865 21.9004 172.285 -290.707 66.0121 -158.427 -206.303 27.175 -367.092 41.8256 -230.601 -43.5818 267.164 -158.564 162.237 -54.3838 -452.786 -22.9842 -175.665 -295.966 -43.7517 -2.08475 -197.138 -394.772 310.348 -366.555 873.109 -188.16 43.1415 -288.485 -179.463 -106.567 134.311 -389.796 -222.976 107.675 -247.429 13.3058 -14.5923 56.6083
layer: 0 neuron: 55 121.134 106.467 79.82 -85.2925 50.1934 -470.68 -39.3438 -35.177 242.028 16.9858 -77.114 183.436 -86.297 -188.111 174.778 -530.719 -309.888 -44.3532 -282.849 -216.43 15.3232 169.243 -121.212 -225.681 -23.9822 86.9126 212.444 -87.2415 -285.366 -42.6883 -56.7412 81.6424 171.918 -25.8644 -50.2636 -291.417 -319.156 -58.6578 -378.533 -363.112 -110.731 -152.982 -235.597 -201.634 183.077 -335.182 830.494 -240.535 7.5701 -462.438 -11.6617 -10.0923 -125.811 -512.996 -397.978 113.532 -422.04 225.209 30.5336 -505.042
layer: 0 neuron: 56 -14.2107 -82.4213 276.122 -105.424 51.1819 -822.939 -306.693 430.836 348.879 -260.972 258.633 88.8255 412.003 -157.902 -47.5453 -229.53 -103.702 -4.81952 328.029 2.46395 10.6787 44.0985 -333.186 -25.3069 179.76 -346.791 99.8726 10.3921 -120.647 109.349 156.294 214.866 -177.712 -21.8328 -225.487 -92.1323 11.3195 -37.0128 -179.305 118.529 53.0062 -142.071 59.3813 102.743 -294.163 -141.411 -21.1449 -224.833 21.6301 -816.352 417.972 -202.527 -281.01 100.921 -764.836 120.813 -784.067 230.14 -69.5447 -377.63
layer: 0 neuron: 57 -142.947 -128.054 -190.297 275.201 -282.864 -457.807 -0.824059 19.8478 -58.9436 -36.3033 20.2216 -161.378 -88.9069 234.684 -184.872 327.286 -34.9945 123.767 -12.958 -183.01 191.804 77.9132 5.71911 -24.1272 -2.07581 -212.619 -157.048 26.1775 268.226 -38.9679 -153.716 27.7544 -109.394 101.688 -15.2709 156.95 -64.6574 43.5386 143.976 103.596 -171.386 -9.39116 200.432 -182.325 -359.173 163.368 -442.11 255.862 -85.5804 -452.534 -57.6343 -48.5075 273.324 83.1932 -411.292 -64.3346 -426.687 6.68335 96.8745 50.7699
layer: 0 neuron: 58 -107.885 57.1277 -24.6565 -74.7501 -38.2357 -903.114 51.2036 -10.8762 -85.6185 1.67254 -75.9646 -76.9769 -108.806 -15.5247 -17.5164 160.818 66.6463 -148.513 8.23709 14.5512 -627.356 47.3642 56.4528 -45.4915 -68.9002 119.921 -60.0164 32.2185 36.6865 -82.2458 81.358 -4.45186 5.97003 20.7057 -30.2654 43.1975 -218.956 19.1761 180.315 -21.9967 -51.6049 57.863 -80.9611 45.6543 -113.141 38.5948 -400.202 42.7328 109.052 -899.716 26.3008 1.09115 33.7105 99.486 -873.146 -47.5059 -883.065 53.1827 5.70643 -74.8313
layer: 1 neuron: 0 0.267951 -0.596712 5.18622 -2.63384 2.67799 -6.42309 -6.39463 1.16968 0.749497 -2.09824 -5.85755 1.63923 4.43834 0.939243 5.64692 -0.313554 -9.35289 -8.07935 2.34061 0.604523 0.146137 -0.140145 -1.76772 -6.21503 -3.33434 1.60208 5.0302 -5.48679 3.12602 1.50773 -10.37 -0.16511 2.98926 3.63693 2.58009 0.191443
layer: 1 neuron: 1 1.35265 -1.93068 -0.306033 1.51359 1.65322 -7.88719 -0.484172 3.53532 -5.89053 -0.759035 -3.64458 4.06769 -6.46341 0.539354 -0.143792 -0.298886 -0.494743 -2.90113 -1.55977 -1.32817 -6.06779 -2.50396 3.45363 -0.623359 -2.59803 0.954979 3.58808 -3.33145 -3.10131 10.0736 0.450306 -0.659995 3.66772 -2.17245 -4.37377 0.757958
layer: 1 neuron: 2 5.21218 5.9124 2.72834 0.578525 0.340501 0.923082 0.0169189 -4.46233 3.92487 -0.411157 0.655594 -1.93754 -2.22234 -7.24719 -0.697693 -2.23265 -3.00589 -5.23867 2.95028 3.11061 -5.36616 -2.14747 0.567289 3.1256 -2.85874 0.626653 0.677661 -5.42806 2.40974 -4.98499 -2.34802 3.58771 -1.12776 1.78447 0.453943 0.667592
layer: 1 neuron: 3 -11.8609 -2.09762 5.28309 -2.86537 0.605236 -4.29251 2.00532 -3.62904 -14.2285 -4.11614 -0.670574 -4.66375 0.55462 -15.3039 3.04075 -2.16725 6.34835 2.00879 3.39191 2.8238 0.430016 7.99044 -0.432617 1.70759 -11.8678 -0.875927 -10.797 -1.73986 5.0055 4.67877 -7.68775 -3.25981 -3.70274 -3.24175 -2.2831 0.657643
layer: 1 neuron: 4 2.59786 2.18672 3.73149 -0.166313 -5.91727 -0.989222 4.02279 -0.296259 2.09632 -3.69545 -0.193604 -0.758067 3.38807 -2.76226 0.416863 1.86831 -5.91907 0.126849 2.71792 -0.502736 1.04083 1.17031 -5.02775 2.59423 -0.0835748 4.38873 -0.262752 -2.94493 -0.491075 -1.38402 2.94633 2.98955 -0.64491 0.457849 -0.0210271 0.391583
layer: 1 neuron: 5 14.7481 19.6883 17.8545 19.1 15.1037 13.5759 16.4567 16.8804 21.548 16.3936 17.0682 21.0872 20.2535 18.5239 19.3294 12.0887 17.1309 16.8606 25.5586 15.6327 18.0249 17.1249 17.5082 22.3701 14.3172 12.6098 15.0852 20.3104 9.36181 16.6654 20.9212 23.4828 14.7068 14.8548 18.7892 0.995025
layer: 1 neuron: 6 -4.21385 -3.41139 -4.04897 0.624498 0.395063 -2.95699 -1.76547 6.60123 -5.35574 4.03011 -0.031174 2.75827 2.78313 7.09878 4.67859 3.70588 1.93601 -5.10718 -0.517124 2.44814 -0.931911 -1.19883 2.62515 -6.27112 -6.59742 5.92701 -6.26147 3.9014 0.264139 7.94586 -5.49051 3.30399 -0.0660225 -1.21157 1.41858 0.516404
layer: 1 neuron: 7 -1.51197 -6.97445 0.914782 6.98242 2.34923 -10.3028 -8.9068 -0.99154 -1.77968 -7.35769 0.872035 -3.33193 -1.2988 -0.686602 -2.6445 0.465171 1.37922 3.03837 -3.61374 5.22401 -0.0519138 -0.749544 -3.28234 1.78054 -4.0813 4.58015 -3.12452 -4.58062 5.30482 -6.80241 0.741061 -9.54491 -4.24846 2.61399 -4.3896 0.214545
layer: 1 neuron: 8 -3.5285 6.13379 2.76609 0.362571 -7.01853 -0.142092 -1.21 -8.1085 1.6806 -4.77496 -15.084 0.512225 0.656697 0.906624 2.33866 -3.41576 -0.610997 -2.75682 1.47207 3.99737 5.41834 1.22191 -7.47753 1.01015 -9.34589 -0.651132 0.592192 16.3096 -3.17058 -3.40021 4.70795 -6.7204 7.41129 12.8258 -0.847494 0.060976
layer: 1 neuron: 9 7.86911 3.91726 -6.36541 0.77455 -6.26467 6.47556 -11.5235 0.696816 15.2742 0.958509 -7.30581 7.86476 -0.420326 11.0343 7.96804 1.9785 -13.8762 0.127364 -4.80448 -3.89168 -3.89078 -2.73779 3.50041 -3.00192 -6.232 8.17494 0.0701351 -1.70774 -4.44704 3.12968 -9.14675 -1.52928 -4.09465 -3.687 -5.29896 0.0149236
layer: 1 neuron: 10 -1.65766 4.35904 0.172782 2.80625 3.49567 -2.10698 3.8539 -2.58214 -4.43759 2.28326 -4.09341 2.4332 -4.27148 -2.21687 1.44148 -1.43099 -4.68153 3.14923 2.25066 3.87822 0.228522 0.414538 1.76232 2.72038 2.05688 -0.792624 -0.0294979 1.69505 -0.215507 -2.28922 4.44213 -2.07113 1.24063 1.95995 1.69098 0.225654
layer: 1 neuron: 11 4.09796 -3.6524 5.5702 -3.00005 -0.355495 -7.56745 -0.169243 -2.98757 0.77648 -0.518545 2.07975 0.75012 -0.557303 2.63734 -0.0510188 -1.98143 2.66832 -1.69147 1.61916 5.82077 -9.08578 6.72572 1.54838 6.71259 2.9401 -5.39322 -6.87436 -11.181 -0.923021 1.68594 7.73489 -1.24503 -0.180555 -1.74162 -6.33788 0.219001
layer: 1 neuron: 12 -0.384684 -6.96647 9.22485 1.7129 -4.0301 1.3757 3.62238 1.08639 3.19925 0.575715 -8.09558 -7.60919 5.39035 -1.67766 3.98557 4.07076 5.71157 -6.01865 6.05208 4.03027 -1.86757 -0.681086 1.3364 -3.25106 0.844675 -2.27545 -2.34976 6.06812 1.73713 0.453087 -1.5106 -5.98062 -4.14109 2.49518 -2.06997 0.332652
layer: 1 neuron: 13 3.11468 -1.19213 -1.17369 -13.1774 -2.36892 -1.58935 2.85371 -7.55114 1.42406 -4.42393 4.26322 -3.42668 3.90025 -0.704967 -0.969993 -2.28168 1.91866 -0.282254 3.64809 0.860087 5.66699 -0.47712 -1.58599 9.20471 -6.73153 0.92764 7.60477 -5.22793 -0.380592 -3.38119 3.28848 1.80269 4.46658 5.65534 2.33988 0.300119
layer: 1 neuron: 14 5.71099 0.0369518 2.08982 -1.42285 0.741112 -0.308751 -0.164005 2.35414 2.6461 6.81211 -3.10688 7.87481 2.82086 -2.88276 -2.89506 -1.39056 2.96029 -5.15494 3.26165 0.789612 -9.71284 -1.36717 -5.26518 -8.03379 -2.27063 -3.78777 0.30119 -13.3495 5.34586 -4.64659 -3.70074 7.79331 6.73675 -2.14516 -0.360672 0.20423
layer: 1 neuron: 15 0.946084 -2.91506 1.17536 -1.72919 2.29567 -6.83839 -0.398107 1.90196 -2.03581 1.11647 4.75682 0.358549 2.32911 8.17409 0.367874 0.41167 0.0348096 3.86175 -3.52629 -2.44486 4.61706 1.08489 4.45179 6.00531 -2.49108 3.25545 -0.810045 12.5354 -5.09908 0.531719 3.06336 3.04785 -0.338906 3.38396 -1.11236 0.376446
layer: 1 neuron: 16 3.17232 -4.69028 -10.4175 -5.52017 -2.623 -3.24399 0.353423 -0.930521 2.05482 2.85513 0.698919 1.35441 -0.0396443 -1.76073 1.92202 5.27299 2.29024 -0.504297 -0.612225 -1.77687 -2.55777 -0.0164131 6.23651 -11.4082 -2.12348 -8.39266 -2.36733 -9.81227 -0.69152 1.10977 0.185569 3.19254 0.470187 0.598213 0.782347 0.793573
layer: 1 neuron: 17 3.63734 6.01427 8.58691 -1.66983 -4.29953 3.08902 -8.50021 1.83159 -1.28696 -8.27787 0.606934 1.33364 6.09592 3.28696 7.09765 2.22387 8.70618 -4.80699 6.18018 -4.2082 4.11179 7.51725 -3.89184 -8.17684 -0.0457284 -0.73429 -5.30395 -1.6645 -1.16169 -2.23606 -4.15965 -6.20789 -4.9817 -0.953932 -3.97331 0.478805
layer: 1 neuron: 18 -0.0548011 2.59044 -0.415408 1.08153 -1.46987 1.33332 -3.03892 2.48099 2.03745 1.19405 1.35847 -1.88767 1.01066 2.09354 -3.69185 -1.01397 -2.44802 2.61023 -1.25121 0.963267 -2.05962 4.31756 2.10672 -3.35167 -1.02676 0.570404 0.598143 0.304966 -3.68707 -0.466346 4.13481 -4.38442 -4.67419 4.30013 -1.65184 0.900021
layer: 1 neuron: 19 -4.09531 4.50632 -8.19329 -5.72981 -0.212478 -1.14643 0.0719051 -6.03696 -0.549461 -2.74227 2.10039 5.00885 1.0267 0.768735 8.80481 5.51023 -7.59386 -2.68733 4.17999 -8.58422 6.18764 -0.221287 6.7537 3.33077 -4.41498 5.23968 -7.05181 0.909738 -5.08437 8.8874 -2.61311 -1.53599 2.76777 -1.61797 -1.59581 0.84579
layer: 1 neuron: 20 8.05593 -1.71941 13.4414 18.8585 13.5702 13.425 2.7854 16.3864 10.4269 16.3582 17.0316 15.3796 10.7033 18.4888 5.79631 10.3839 9.92418 16.8255 11.4101 9.42277 10.3874 1.49286 17.4731 17.9063 13.9275 12.161 14.28 19.8553 6.249 16.6302 20.8861 23.1117 12.4581 14.7758 18.4139 0.959929
layer: 1 neuron: 21 -0.759461 -6.78076 5.40325 7.86084 -4.10846 13.2547 -3.56037 0.016505 -0.540984 -7.77988 -5.44303 -4.9954 -3.40841 -3.44504 -9.03481 -6.19271 1.99344 -2.7653 -3.19571 -2.66394 -4.37996 -2.43557 2.38183 -4.34276 -1.10487 -2.21313 0.799974 -6.74466 8.3065 -1.21067 -1.22507 -4.8652 -4.29676 2.60159 -6.7768 0.524369
layer: 1 neuron: 22 -5.04317 -4.63947 8.38944 -2.6305 0.426231 0.352131 5.823 2.3829 -3.60322 -3.50769 2.91241 -6.53694 -0.0504111 2.12016 0.0762619 -3.07872 -2.70961 -0.358642 5.38331 2.89726 3.86731 0.956958 1.75158 -3.90465 -0.190712 0.0781996 -0.426936 -2.79891 -0.881984 3.73487 -2.26444 -1.09849 0.63613 -2.44271 7.77641 0.326792
layer: 1 neuron: 23 -1.11339 1.01478 -0.534704 4.61538 -0.268976 -3.54 3.3478 1.75017 12.6718 0.351405 -2.5578 16.3484 -7.36975 -4.8079 0.671605 3.79306 -4.81943 4.70175 0.318502 2.38715 -3.94875 5.19971 -6.01451 -1.26723 -1.50222 -3.70624 -5.09583 2.50672 0.401073 0.976638 -3.60432 -5.98638 4.52977 -2.67755 -1.36262 0.283151
layer: 1 neuron: 24 2.46913 -0.101841 0.170861 -1.60279 3.29569 -1.63696 -5.41762 1.08374 -6.39123 1.24613 -3.49687 -6.64955 14.0941 -9.98131 -11.6176 2.27387 6.26137 0.0499655 2.87497 1.26901 -6.55817 4.79449 2.40331 -3.03021 -0.679439 3.57998 -4.98762 -3.26382 1.87659 -1.47455 0.93259 1.95382 -4.76337 4.65266 -1.3619 0.269875
layer: 1 neuron: 25 -2.48194 1.80803 0.630809 4.98397 5.06963 -3.11797 -9.11174 3.16298 -2.62925 7.5242 -7.59225 1.14226 -4.9138 3.24629 -0.332966 -4.67344 -8.69535 7.17704 -4.38583 0.442676 1.21103 0.248935 8.83004 1.51713 -2.65286 4.92392 -2.46604 1.24514 -0.902429 -0.976734 3.17202 19.7128 10.1405 6.85079 11.4644 0.40202
layer: 1 neuron: 26 2.50268 -0.996357 -2.32685 2.27658 -1.45626 -0.137759 -4.68879 7.95678 2.09935 1.77402 -5.43463 -1.40157 -4.7061 3.33991 -3.26493 -2.76599 -4.58706 -2.54625 -3.81248 5.2097 -2.2075 0.163975 -9.05267 -0.698812 0.097487 3.33084 -7.02603 -7.39371 2.76097 -8.84794 -0.974812 -6.81366 2.25113 -2.54252 -0.946175 0.249672
layer: 1 neuron: 27 -1.60398 0.123121 -1.56148 -0.908891 -2.09585 0.785406 0.0805574 0.399877 -0.864171 -1.38928 0.481523 -0.866312 1.03714 -1.67866 -0.657009 -0.0780804 0.208985 1.23945 2.76647 1.0331 -2.23404 0.885103 -4.279 -0.322107 0.102601 3.99777 4.17723 -10.7922 0.0906937 3.66271 2.76356 -3.37027 -2.02435 0.849596 -3.1065 0.911588
layer: 1 neuron: 28 0.556842 7.52203 -5.33886 0.947809 3.15817 -0.871345 -0.743511 3.59423 6.58945 8.40102 6.73255 8.26231 -6.76241 -4.2433 2.49127 2.91345 -2.88996 2.88587 7.67163 -1.62053 -1.76664 -7.31471 1.66652 1.73439 -4.38141 -0.614231 2.60107 -2.25182 5.02456 5.56508 -11.2005 -8.17387 6.19131 -1.12239 -10.4284 0.000305185
layer: 1 neuron: 29 1.35309 5.2777 1.79883 6.09304 3.22785 -5.53312 -0.447367 5.70957 2.84457 0.674545 2.21353 -3.64722 2.95224 -0.71436 -1.69887 0.670631 0.513654 0.610479 11.5664 4.04012 -2.5416 -5.30187 -1.45396 -1.90619 0.420471 1.32941 4.68596 0.948754 -3.86519 3.43374 2.50731 -0.11273 -2.44051 -1.61278 -1.0885 0.943907
layer: 1 neuron: 30 1.58378 -4.89986 14.7698 -1.95388 3.16318 -3.2714 -4.93869 6.75157 -1.21133 -0.350847 3.57885 -5.18903 1.27504 0.798173 0.274049 3.56621 -2.25298 0.211981 -1.37877 -7.44877 2.48066 -3.43517 3.14293 -1.18613 0.938938 0.383631 -3.67815 -0.785044 5.02438 6.02197 -0.356359 -4.59915 0.120941 2.77257 12.8727 0.684439
layer: 1 neuron: 31 -3.7763 1.43918 3.11493 0.436163 -1.4258 -1.38023 -1.33602 -14.7369 -6.88895 -4.77231 -8.28022 7.16916 -0.920762 3.48191 1.29063 -2.11403 4.57627 -3.44721 -1.3194 0.0702857 -2.15523 -0.203664 -6.66984 -7.88813 -5.76804 -2.38026 8.5956 2.18662 -2.89303 -6.32025 0.691241 0.181137 -1.94316 -4.99487 -0.0352327 0.646931
layer: 1 neuron: 32 0.874722 -5.14393 -3.01124 1.21114 -5.38603 4.44841 -1.50979 2.15977 -3.83238 -0.23329 -5.0582 2.492 1.87419 4.60611 4.49313 -3.49986 -5.32962 -3.78926 -1.36067 -4.11845 -2.16453 -4.24441 1.18808 -1.27071 0.355313 3.3632 -4.3936 -2.36798 -0.687371 2.37539 1.48825 -3.48443 -4.64264 -5.68834 6.60045 0.0133366
layer: 1 neuron: 33 1.8857 -3.57841 1.38641 6.07403 -1.64307 5.87245 1.08182 1.78872 -6.69291 -3.84331 5.94783 -4.19461 -3.20236 -4.74877 -0.184924 -6.82064 -3.68651 -5.54521 -0.562265 2.92844 0.804695 2.97541 6.55508 -0.868074 -2.99245 3.05616 -2.41307 1.12706 -6.28335 -0.972308 -1.43546 -2.79504 -2.68014 2.33129 2.45004 0.233924
layer: 1 neuron: 34 -1.87201 -2.60018 2.06586 -6.00577 -1.75611 2.43545 -0.791151 -3.55922 0.306417 -2.67556 -3.91727 -1.85917 6.76366 0.286049 6.16641 -4.12082 -7.45927 -0.717097 6.16848 -0.942149 2.94132 2.45096 2.27037 0.745648 -7.13433 -1.66586 -3.35363 -6.6928 -2.0167 1.16014 0.338861 -6.51289 0.597846 -3.80554 14.2548 0.868038
layer: 1 neuron: 35 -5.24059 -2.94688 1.88357 -2.04493 0.564853 -1.01515 -1.71678 -1.12411 -2.47612 -0.0108395 5.66105 -0.238156 -3.78736 1.83373 -0.155638 -1.10305 -3.17782 -2.83629 -0.734439 -0.337891 0.8479 3.17265 8.77314 -10.5819 -3.9664 1.12923 -0.391713 0.846693 0.389927 3.3862 -8.26148 0.0791722 3.42911 0.86776 1.0399 0.812006
layer: 1 neuron: 36 -9.39256 3.87349 1.85916 3.11397 2.96911 -1.7142 -2.06396 -1.58806 -2.56662 1.09592 1.69726 1.10346 0.121161 -2.8281 0.453242 0.803726 -4.99634 -2.75343 7.58158 3.51693 1.93841 -4.17113 -3.78002 0.491604 -3.38384 2.08944 -6.35047 2.0176 0.360439 3.50407 -11.3352 -6.16512 3.57678 2.76858 4.22121 0.739494
layer: 1 neuron: 37 3.79888 -1.97284 -2.79514 -7.10656 5.30784 2.79817 1.12277 2.44226 -0.702859 -1.62326 2.49377 -0.736697 -1.06135 -7.54801 2.52476 -2.94419 -3.58706 -2.53479 2.18093 -2.27985 2.02355 1.36786 -2.33669 1.69092 -4.42289 6.63542 1.38916 0.575573 -1.32094 -0.735474 -4.89114 5.12525 4.50722 6.40167 1.13861 0.283731
layer: 1 neuron: 38 1.65967 5.22055 2.12172 4.28745 -7.63624 2.78916 -3.01477 0.977135 4.88345 0.77748 1.79675 4.80358 -0.282872 4.50328 -1.80363 0.811744 -2.30945 7.83334 -1.58458 -3.82849 -0.752478 -0.0586485 2.81466 -2.15116 2.09682 -0.459012 0.38157 1.82644 -2.97745 -1.41392 8.61475 -3.20285 4.74301 0.836303 1.69986 0.355876
layer: 1 neuron: 39 -1.25701 -2.99122 -0.432896 -3.49593 1.07088 1.66939 -2.12232 -1.78692 -8.63295 -3.11803 0.670779 8.79762 1.12928 2.88512 -0.114183 3.94154 0.13343 5.93723 5.07214 -1.04405 5.00503 2.9624 -1.65542 -2.17018 -4.26917 -4.39077 4.06724 2.3593 1.42057 -3.42884 1.56477 -3.22906 -3.90083 -9.02221 -6.05183 0.469649
layer: 1 neuron: 40 -0.462805 8.34224 5.22339 10.7165 -3.89071 2.58677 0.796943 -2.19317 5.17127 -1.20577 4.10959 0.148748 -4.04476 -1.55653 -0.481455 -2.03299 -3.76545 2.73112 1.96386 2.47902 -0.369608 1.50303 -7.59571 2.26366 3.76285 -0.730077 -2.15115 -0.338951 -4.85743 2.90434 5.48022 -0.354573 -0.998491 -1.33448 7.98996 0.303293
layer: 1 neuron: 41 1.43499 -6.97047 -7.23223 -9.61356 -4.69165 -0.607737 4.02346 -3.40282 9.04147 2.5514 1.22097 4.83531 -3.6265 0.299579 8.1743 -0.415714 -1.11507 4.5696 1.25337 -1.70603 -3.06511 0.28764 4.65083 3.27946 -4.66456 1.17265 1.67081 -1.69904 3.34631 0.636943 1.339 0.704213 2.29726 -5.2547 -4.68137 0.280892
layer: 1 neuron: 42 0.123105 1.38476 1.90271 -2.98217 -4.12302 2.73785 1.07962 0.585564 3.51206 -4.43355 1.05199 8.08248 1.83948 3.17867 -0.509807 -0.426709 0.0877205 0.895556 2.47058 -0.197872 -1.86279 2.43651 -4.86763 -2.7044 -6.42939 0.332297 -2.11363 -0.735549 -2.43167 -2.1988 -0.178685 -5.29844 -5.19417 -0.218925 -1.3096 0.402295
layer: 1 neuron: 43 -2.21596 0.581425 -6.11691 -2.52685 -3.97153 -0.190709 -2.78796 5.64246 -4.51888 0.708097 -3.15773 -2.84063 2.83499 -3.67818 4.1042 9.30852 1.25172 6.8439 -3.00555 -0.168715 -0.281835 -5.88861 -0.0900637 5.24786 -1.35439 6.81135 -8.29599 1.4894 4.12614 6.07185 -10.0085 -3.5315 0.307388 1.29881 -0.702105 0.906278
layer: 1 neuron: 44 3.40597 0.37947 9.04925 0.733373 -0.759147 -1.28928 -1.86193 9.1788 -8.87257 -8.27415 -2.20511 -7.94614 7.59532 -0.547627 4.72555 -0.401148 2.82644 0.945982 3.54051 -0.0410565 -1.25817 4.16746 -1.04244 -4.47853 -4.32167 -10.8477 -0.0188293 -7.10724 3.78999 8.12759 -3.16951 9.21056 7.09389 3.47109 5.6996 0.197638
layer: 1 neuron: 45 1.62449 -2.82723 -0.588836 -2.10271 -0.643436 -2.26641 -1.02034 0.668933 0.818956 0.319411 5.44447 3.25013 -2.2619 3.51779 0.558349 -0.0967909 -0.985998 -0.0907885 -1.00536 0.705691 -7.88762 -3.03773 -4.84704 -2.97475 2.20612 0.504649 1.93396 2.87391 0.240932 -1.56594 -1.51844 -3.21395 -4.42075 0.706918 -3.25878 0.190466
layer: 1 neuron: 46 -6.14298 -0.767434 0.228626 0.319637 4.01844 -3.4475 1.23149 -0.995486 5.85912 2.49555 -3.20488 4.60739 0.0191357 -6.79457 -0.83678 -0.466934 -0.690056 -6.05721 8.00596 5.08489 -0.519065 2.12764 -7.25371 -6.15959 -2.81166 -5.13376 -2.36415 -1.11979 0.879055 0.651545 -5.71251 1.64285 4.09141 -2.79941 2.08088 0.280435
layer: 1 neuron: 47 5.02737 2.45867 3.78036 -5.46107 4.84297 -12.7366 -1.43219 10.4553 -10.7554 -1.35503 10.3199 -3.45481 -5.60605 -0.265736 -2.35521 2.4095 4.76603 -2.046 -0.635843 1.80745 1.02666 -0.714422 -2.34311 7.97809 0.668082 -1.25845 11.4698 4.60148 -10.0498 3.74324 -0.906369 0.667325 0.729806 3.62976 -3.26055 0.296884
layer: 1 neuron: 48 -0.73395 -2.74409 1.11652 1.22078 3.51179 -4.99799 -1.90917 -3.62553 -7.40011 4.86966 0.172727 5.93401 -4.71533 -1.61594 -7.20365 0.810062 6.43938 1.4757 -4.04608 -0.463626 -3.6755 3.46538 3.55675 0.674651 -2.03514 -2.50553 -0.62485 5.01209 -0.357952 5.75385 -0.852411 -0.499744 -0.408006 -2.41654 2.13993 0.413404
layer: 1 neuron: 49 14.7447 19.6849 17.8511 19.0966 15.1003 13.5725 16.4533 16.877 21.5446 16.3902 17.0648 21.0838 20.2501 18.5205 19.326 12.0853 17.1275 16.8572 25.5551 15.6293 18.0214 17.1215 17.5048 22.3667 14.3138 12.6064 15.0818 20.307 9.35839 16.662 20.9177 23.4794 14.7034 14.8514 18.7858 0.991607
layer: 1 neuron: 50 0.722489 -9.48103 -3.1669 -6.31593 -3.26777 -9.74682 -2.13283 -3.37772 -1.99802 -2.45354 3.6261 0.401195 2.61114 0.771984 5.14918 -1.42535 -0.90555 -2.0042 1.75737 -6.46177 2.11365 1.34235 0.40403 2.93945 -6.47053 -1.63586 -1.80777 -1.73641 -2.12578 0.0989648 3.53072 -9.3305 2.71168 6.71184 -5.18885 0.698019
layer: 1 neuron: 51 -4.1739 5.39848 9.07845 4.50609 -1.07936 -1.64656 -4.30075 7.26266 -6.30765 3.01419 -0.876139 -0.793582 5.79632 3.37518 5.4155 1.34073 -0.498354 -6.09138 -7.67429 -3.37808 0.598631 -2.10456 -8.5041 -7.7321 0.256244 3.78019 4.63469 -1.10069 0.162622 0.802645 -2.74892 -1.86997 -1.25803 0.360853 11.6719 0.0833766
layer: 1 neuron: 52 6.22674 -1.98468 -1.96455 4.23192 0.271466 2.05943 2.67904 0.501304 6.59214 -2.72098 -1.71309 -2.90368 3.63145 10.7838 0.66197 -2.55166 0.821711 0.2029 -2.59332 2.40244 -1.75818 -3.5597 1.87574 -1.70889 -2.04137 -0.452337 15.4677 -9.13676 -0.933652 -3.28816 -1.92741 -11.5578 0.320792 -6.19639 0.331479 0.430189
layer: 1 neuron: 53 -9.43826 0.484547 6.87288 3.5052 6.10866 0.113081 3.565 1.80006 1.50964 -2.08521 12.8733 1.36184 -6.29784 -13.5142 -1.73325 -2.45108 -1.64151 -4.07601 -1.6887 1.7673 2.73741 -4.42653 -3.75905 -3.6004 -0.639268 -2.64743 13.056 -0.255266 1.35165 4.03702 -5.10558 -3.89193 -0.466898 2.56364 -2.22833 0.329783
layer: 1 neuron: 54 14.718 19.6582 17.8244 19.0699 15.0736 13.5458 16.4265 16.8503 21.5179 16.3635 17.0381 21.0571 20.2234 18.4938 19.2993 12.0586 17.1008 16.8305 25.5284 15.6026 17.9947 17.0948 17.4781 22.3399 14.2871 12.5796 15.055 20.2803 9.33166 16.6353 20.891 23.4526 14.6767 14.8247 18.7591 0.964873
layer: 1 neuron: 55 1.36603 -2.85366 -1.23728 -8.56058 2.03662 -0.970342 5.77144 -7.28062 -3.3115 -3.01724 -2.98056 6.22574 4.765 -3.51572 6.25924 6.69623 8.02887 -0.740696 4.84354 -4.46531 1.09943 5.87459 -7.49614 6.90572 1.16183 7.0454 -3.61337 1.43564 -2.90835 4.83638 0.302518 1.21009 -0.843748 -0.820052 -1.63242 0.0965911
layer: 1 neuron: 56 14.7279 19.6682 17.8344 19.0799 15.0836 13.5558 16.4365 16.8603 21.5279 16.3735 17.0481 21.0671 20.2334 18.5038 19.3092 12.0685 17.1108 16.8404 25.5384 15.6126 18.0047 17.1048 17.4881 22.3499 14.2971 12.5896 15.065 20.2903 9.34164 16.6453 20.901 23.4626 14.6866 14.8346 18.7691 0.974853
layer: 1 neuron: 57 -0.785749 1.79015 -1.14882 -5.72981 3.19222 -1.68931 -4.61096 -2.78136 0.880974 -5.29026 -1.62073 -2.91126 -1.81585 -0.812488 1.14463 -1.43774 4.14893 -10.938 0.167576 -3.45745 3.08042 1.20655 2.41139 10.1305 0.200305 0.327928 2.80983 -3.62667 0.846661 3.14867 -9.66597 0.00592237 -3.32409 1.17665 -1.23372 0.866939
layer: 1 neuron: 58 -0.72988 -0.914667 0.845715 -7.90026 5.54375 -3.52048 -4.39244 -2.36432 4.82626 -3.59599 0.707183 0.120502 -4.72824 0.754751 -0.821964 -1.46614 5.10262 4.04809 1.78668 5.57135 2.07928 3.32822 1.45351 7.78024 -2.40321 2.1367 4.51758 -5.27386 -4.46187 -0.652997 4.40396 4.90434 -0.374279 -0.693357 -0.0666217 0.0686972
layer: 1 neuron: 59 -0.151395 -0.38663 4.23695 -0.542221 2.40255 -2.57258 2.6146 13.9762 3.66894 4.62319 3.93729 -4.7705 -1.74795 0.978314 -2.33756 3.53235 -1.12536 9.58193 7.11452 6.16665 2.4709 7.08859 4.04215 -3.00604 -2.50592 3.19289 4.0934 1.61012 0.471013 14.3114 2.57346 -0.587164 2.78545 4.52954 8.2223 0.953825
layer: 1 neuron: 60 -13.4714 -18.4116 -16.5778 -17.8233 -13.9636 -12.2992 -15.18 -15.6037 -20.2713 -15.1169 -15.7915 -19.8105 -18.9768 -17.2473 -18.0527 -10.812 -15.8542 -15.5839 -23.9459 -14.356 -16.7482 -15.8482 -16.2315 -21.0934 -13.0405 -11.3331 -13.8085 -19.0337 -8.0851 -15.3887 -19.3085 -22.2061 -13.4301 -13.5782 -17.5125 0.953642
