topology: 58 60 36
layer: 0 neuron: 0 -241.922 -645.159 -1029.51 476.385 -585.85 280.099 352.901 84.7047 -489.678 -69.3245 -153.34 271.736 892.84 -1227.9 -634.83 -131.703 28.4235 307.287 154.535 114.338 10.4976 -785.003 308.332 -124.904 -1732.11 -0.714489 247.155 292.707 560.916 656.848 -592.075 500.265 -104.193 -378.152 -228.916 -90.259 -694.362 811.683 384.32 -144.952 345.25 143.241 353.254 -207.195 -143.676 336.377 129.562 62.836 557.982 972.706 1238.53 -688.291 -596.924 154.489 -378.152 284.298 354.023 48.6423 115.627 -36.8699
layer: 0 neuron: 1 -145.212 -57.9721 -41.1845 -958.213 -196.42 304.473 351.634 75.69 -54.582 125.041 -184.358 871.579 -340.493 -228.433 466.646 -496.074 -419.873 -505.482 -256.478 267.234 374.01 207.736 -504.976 -130.006 147.716 -68.7096 74.7017 354.182 523.639 -204.953 41.8497 -517.964 368.471 172.502 -354.836 -102.682 -36.2119 498.913 311.419 -351.963 -365.631 500.397 -6.5216 -44.8233 422.53 -536.511 412.664 205.491 145.258 -136.244 29.9016 -407.803 65.398 307.751 172.502 403.92 -498.565 186.749 -617.93 -2.25878
layer: 0 neuron: 2 130.207 80.1307 203.295 116.147 388.374 -19.0331 -424.691 -665.114 1.4307 -106.218 136.783 141.144 -130.082 -534.605 -249.955 -138.721 -491.485 -564.864 147.563 170.616 -228.744 -743.921 -565.309 -74.1961 -772.27 -651.215 -222.852 -223.057 80.5284 -181.253 79.1123 -344.269 -220.036 -54.6724 619.54 -220.674 -99.8846 -243.649 -247.137 -731.373 -53.1782 321.553 -15.922 197.546 -209.865 -535.948 1.05085 428.421 -397.149 -66.4434 -451.01 -313.698 152.105 140.834 -54.6724 -230.5 -466.172 -387.45 280.74 620.045
layer: 0 neuron: 3 65.3315 -295.29 155.762 -364.752 118.281 -19.2784 160.635 -580.171 98.3932 26.1911 738.943 150.114 72.1517 -674.353 -152.305 -182.172 -143 -1187.47 133.41 315.672 -337.834 -579.898 -1187.66 -179.218 -286.302 223.576 -206.27 -572.533 422.325 -385.865 221.343 393.27 -225.559 -92.985 776.706 -105.791 168.445 -279.074 -46.8975 -807.058 69.8671 -31.4794 363.72 469.855 108.311 -1166.36 -177.636 -102.144 -506.793 -710.523 6.2428 159.908 -10.0167 -4.09177 -92.985 -74.1368 29.4248 -442.543 8.33564 165.91
layer: 0 neuron: 4 -94.7282 793.284 52.371 108.568 -398.614 -32.4637 209.106 479.815 -72.1973 38.8004 569.463 0.0723923 62.6009 729.947 -347.42 -366.622 -21.3579 -1899.77 272.554 -38.8578 253.973 846.212 -1900.24 -16.1068 -1334.07 346.191 180.895 1118.87 -176.959 -340.153 213.499 437.37 -351.126 96.4528 112.51 218.898 -19.7613 -198.979 6.65186 -1577.85 -154.13 -160.151 -111.997 -51.9592 -765.94 -1898.48 -89.2339 -128.334 84.7657 255.481 -500.44 -290.203 -273.265 -137.772 96.4528 469.545 532.839 228.805 958.379 -64.6937
layer: 0 neuron: 5 143.521 -141.037 211.19 -415.823 -153.322 -116.511 -77.0241 121.286 231.503 -80.0666 -153.226 -205.918 -370.579 -369.404 329.04 -40.1244 -155.015 1149.27 -549.206 -258.141 139.628 577.866 1150.44 26.7877 1349.57 -218.106 -169.103 264.065 -73.8744 151.742 -122.073 -205.576 167.198 231.483 -714.245 97.1036 -310.381 -123.676 -117.545 1148.53 -211.534 -96.0036 -296.74 -285.104 -39.7155 1095.95 182.122 92.9853 175.312 17.5353 148.443 -333.462 90.0207 -147.581 231.483 -88.8747 51.6318 91.2122 200.297 -89.6103
layer: 0 neuron: 6 505.702 504.446 -78.1246 1147.18 735.068 64.3818 -331.624 -192.307 -162.16 337.634 -403.503 -263.079 -146.65 752.105 -141.151 475.397 373.654 -260.461 442.09 3.70479 263.929 -140.176 -259.991 95.759 -298.136 274.684 -4.17442 263.862 -294.07 599.87 257.262 -211.217 303.817 176.516 140.698 560.73 512.695 -34.451 81.6624 -488.523 126.842 75.3806 224.046 332.967 40.1798 -268.815 -227.055 208.35 762.128 613.912 176.889 636.271 238.992 2.10373 176.516 -93.7642 3.70102 215.771 5.35721 186.698
layer: 0 neuron: 7 258.971 86.2288 -353.561 -1281.14 304.744 -144.44 -51.6986 -140.957 -145.956 -182.417 -110.148 -38.4357 -206.467 -174.224 139.236 -331.825 163.725 -985.669 469.313 112.874 9.37311 -285.92 -986.56 20.367 753.429 385.972 244.501 -302.686 -526.121 -155.186 -165.27 -270.442 261.267 94.8763 159.092 40.8612 286.411 -161.259 137.109 -429.517 -64.0183 51.4254 -157.96 434.348 -79.6426 -979.375 -490.378 6.62363 116.033 -387.778 -233.622 -202.595 -53.7277 -107.614 94.8763 -179.899 -120.452 -350.538 19.6864 32.2031
layer: 0 neuron: 8 237.268 350.084 106.647 -1157.78 -34.4607 -409.999 257.081 -1009.28 167.985 -216.882 451.684 205.903 -558.366 439.742 436.305 -98.2768 -81.0515 -1259.57 105.053 249.602 188.235 -307.051 -1260.64 -51.1547 1186.3 193.406 96.9372 -508.481 -282.907 -418.25 210.412 -297.828 188.182 238.3 -831.157 203.729 161.49 -170.357 -135.488 -579.688 -347.869 203.903 -227.336 489.92 285.047 -1266.29 24.5588 138.047 -374.566 -343.682 -279.862 10.919 266.788 148.862 238.3 122.341 -112.08 -195.165 233.124 107.826
layer: 0 neuron: 9 195.069 196.259 313.923 413.984 -145.535 -322.138 242.117 -823.113 235.838 -237.064 144.507 -56.3973 -91.1426 741.287 211.712 572.028 333.853 -1241.23 -16.749 259.158 516.389 -419.537 -1240.81 96.0277 233.243 12.1805 -175.011 312.874 -415.804 -241.1 505.777 -462.854 10.376 365.922 -925.157 406.588 -211.145 375.393 -115.617 -848.052 -189.468 89.7567 -5.71893 92.1265 -191.049 -1263.99 324.262 123.215 219.222 279.555 223.948 192.266 190.526 423.727 365.922 365.488 -25.4538 467.801 79.695 646.171
layer: 0 neuron: 10 148.774 -235.996 -5.16484 1371.13 341.601 -4.35413 -143.197 504.494 101.701 304.411 37.6649 12.4749 -67.4286 522.993 -385.825 225.132 618.948 610.399 173.64 -67.4002 -215.653 281.792 611.601 98.3348 -792.335 -12.2465 131.595 382.852 264.798 853.575 -115.794 144.479 -438.568 188.66 1388.28 121.537 -248.144 57.1426 29.5479 130.776 622.039 -24.0081 234.019 165.271 -307.332 584.442 -330.818 110.902 532.945 291.09 409.081 842.202 -126.724 -34.8981 188.66 -255.192 83.992 -141.661 405.21 -146.865
layer: 0 neuron: 11 -252.73 -240.699 -112.175 1177.31 -77.1013 211.155 12.324 319.383 -202.198 96.5423 253.247 411.82 151.292 470.892 -439.135 -230.564 346.777 190.595 289.456 -95.3949 -200.054 436.157 191.52 13.6705 -1290.95 -113.438 214.53 58.7133 374.184 663.56 -128.1 383.352 -762.369 -179.347 902.721 164.315 -80.4705 100.017 52.8578 -236.531 379.238 323.48 122.011 -220.817 56.2164 192.935 -139.717 153.593 137.334 230.921 275.178 628.766 -125.177 -103.96 -179.347 -91.0269 497.374 89.1037 224.811 -340.671
layer: 0 neuron: 12 -137.543 -65.0795 -121.569 353.116 -251.417 245.179 -43.6619 -425.444 -201.883 319.093 207.782 17.7058 -271.519 -1368.9 -545.801 -259.642 -381.999 1061.16 -445.851 -255.58 -47.5206 144.387 1061.4 -133.285 -650.237 -310.322 -281.997 154.321 770.661 439.011 -69.9938 149.76 -129.896 -250.128 168.709 -271.302 -75.8863 -254.262 117.547 649.097 -170.98 -4.18874 39.5774 -350.121 -278.174 1052.54 344.709 -25.1307 112.972 164.53 528.661 -501.755 -295.787 -201.096 -250.128 36.7615 285.939 -206.695 48.3626 -309.312
layer: 0 neuron: 13 -31.4493 -171.688 -28.0282 -48.5138 -32.4426 145.912 186.526 -121.295 152.565 92.4063 -2.64613 -238.324 159.182 -599.469 -544.731 -3.71736 -76.6678 296.047 -132.836 193.261 -118.782 146.593 297.998 213.787 -1249 -391.194 98.1409 240.879 449.724 189.611 -37.4533 -59.4382 -24.1704 -181.984 524.731 -360.291 -126.238 -159.183 33.145 8.17966 99.1607 -51.7533 306.833 24.7023 -414.321 309.83 235.634 -112.042 -16.4485 238.593 317.609 -167.663 -346.372 107.607 -181.984 193.463 32.1914 -1.32019 112.469 233.87
layer: 0 neuron: 14 44.2792 -116.553 51.2601 -268.874 204.21 29.2678 -132.564 554.858 42.4435 29.9767 -188.022 166.923 53.0866 125.678 151.947 -197.004 -148.688 -149.88 238.579 84.9847 -67.6773 231.63 -148.549 0.142103 199.584 96.7479 -8.03453 45.3722 -141.138 68.6244 -77.927 116.042 -52.1186 54.8451 366.533 30.2561 7.53263 -85.6909 12.5158 -87.6179 105.864 4.3255 -97.5154 130.479 194.941 -162.291 -236.876 21.2578 -29.7238 -101.359 -300.365 -159.024 182.938 -65.0921 54.8451 -294.843 1.76358 -150.55 -47.9052 78.5269
layer: 0 neuron: 15 -41.8221 -186.446 254.538 -278.437 236.272 13.6672 -116.391 320.722 249.219 3.43132 -174.279 184.933 -36.3074 -13.2947 255.668 -40.0437 -19.4851 -444.89 59.9649 -44.8361 -71.8988 94.0269 -443.922 -58.5026 514.374 188.393 -201.028 36.8574 -127.969 -169.718 100.988 47.3765 -114.442 164.133 -179.635 85.6399 11.5468 47.7958 8.62699 -142.986 -11.8009 27.5735 -79.2041 -60.2891 245.809 -465.986 -188.35 36.4769 -36.7572 -203.9 -69.7662 -108.974 322.232 -51.3454 164.133 -161.552 -85.8765 -16.8204 -148.072 97.4778
layer: 0 neuron: 16 16.2722 -27.6068 221.306 -132.697 266.089 115.761 -561.912 193.939 -384.83 12.2994 -477.156 -512.616 2.26638 564.961 35.7937 -367.676 63.7869 444.23 -138.015 59.2367 -263.775 298.775 445.215 -212.657 1114.6 -107.723 105.374 -636.59 -174.044 -479.268 200.612 -311.908 -125.787 185.948 917.758 58.2689 546.297 -522.745 -268.014 570.317 -344.182 49.7723 -27.8138 -48.8289 105.412 421.403 -160.123 -205.09 -360.444 -791.565 -423.603 1052.09 101.286 -192.205 185.948 -142.249 -556.712 -184.431 -600.223 -63.6941
layer: 0 neuron: 17 -43.1852 258.108 -20.9845 51.9637 -142.461 26.8861 149.424 -267.205 -216.237 96.265 131.737 173.969 -272.727 146.173 96.7289 -177.644 -13.9708 973.812 -168.901 32.1697 191.762 -66.2539 976.436 -111.712 542.736 75.3761 108.344 -51.8101 187.765 -200.429 77.9875 -228.265 112.982 122.024 -377.82 21.1277 96.2666 109.199 36.6216 707.192 -314.663 122.844 5.98117 35.0723 57.0447 928.931 163.494 -7.74762 20.9927 -225.739 -1.80827 226.437 -46.7149 47.6652 122.024 277.511 -180.78 96.2864 -108.485 -181.618
layer: 0 neuron: 18 96.8623 24.0197 -29.2802 -190.469 74.4594 -19.4155 -12.7832 50.5175 -26.8897 -22.3127 -28.8268 2.14625 22.7921 -325.222 127.311 -88.5406 -168.419 1029.96 76.8497 73.0534 -7.41547 14.5632 1033.12 -106.9 934.325 31.5449 -19.1487 70.066 71.492 -144.718 12.8011 19.8352 7.7024 79.7203 79.4281 0.860099 -21.5256 -76.9443 -32.1484 860.332 -55.7366 23.6469 -83.9754 53.5994 80.9511 990.09 -62.422 56.1802 -17.7254 -90.7606 -135.054 -212.058 80.7479 2.76353 79.7203 -130.916 -86.4284 -87.9268 10.1888 92.3848
layer: 0 neuron: 19 56.7233 63.1841 42.7882 15.1061 -4.67578 -6.11726 -74.2231 44.0204 -5.20042 -33.1737 -220.834 -9.18624 -29.6152 -22.9182 202.858 10.1702 -127.239 952.232 -35.5847 36.4078 98.7251 113.937 955.503 0.642599 647.608 -81.9085 -76.8987 159.114 8.90281 -28.9818 27.7436 -132.099 62.2892 35.3544 -206.653 60.1568 -100.242 -3.67802 4.63065 708.937 -69.0869 14.9137 -88.6579 3.42297 35.1213 912.473 77.7814 65.9822 65.2561 107.478 -83.6 -278.558 87.603 60.2584 35.3544 -13.2842 -125.645 38.4477 -18.1078 128.816
layer: 0 neuron: 20 37.6957 138.286 18.8652 120.059 -28.8852 2.168 -33.7574 128.711 -27.2529 21.3816 -137.238 28.0552 -114.46 103.07 163.018 -84.5305 -149.544 844.163 8.21507 42.2027 178.508 108.291 847.461 4.54164 452.789 56.1817 -79.9775 240.909 41.9334 32.7623 51.1823 -108.65 63.4891 67.1973 -281.856 104.299 -143.524 14.0335 44.4972 564.559 -79.3397 16.3544 -79.1141 -12.3998 -71.2746 802.152 81.0766 48.4085 134.961 177.423 -47.7683 -375.196 70.6542 60.526 67.1973 32.6227 -2.39202 135.989 52.6673 83.5286
layer: 0 neuron: 21 11.9363 77.1289 22.6294 72.2443 -3.37702 -0.36163 -26.2754 54.2342 -26.179 -23.1552 -74.2817 -52.1336 22.3575 9.986 93.9068 9.13752 -76.5107 1022.08 -1.36912 8.20139 33.4577 -4.54573 1025.45 -40.2529 600.544 97.5292 -24.9494 64.8235 16.9073 -72.0693 -2.87973 -12.274 41.6642 28.5783 -159.841 46.8501 -26.2284 -9.06164 4.30564 748.505 -40.4883 -18.4931 -14.6244 17.906 17.2767 980.035 16.3344 -13.9344 17.4541 -52.9337 -59.6918 -123.463 53.8683 26.8469 28.5783 30.4057 25.1267 24.3342 -0.590581 -14.4209
layer: 0 neuron: 22 29.2339 54.0206 5.59781 75.6698 9.70112 -38.5541 -7.38061 -60.5308 -63.6632 -30.2895 -80.0348 -75.853 47.5246 18.063 48.9332 45.4664 -55.9848 1011.51 -17.7901 46.0433 18.3326 -36.8593 1014.96 -52.3692 579.761 40.5839 -30.2567 -75.3412 19.2709 -90.5599 -21.2266 -29.785 7.17645 1.9748 -60.616 17.9753 8.21629 -24.9725 -25.1666 729.881 -44.6601 -38.6181 -0.277618 41.9744 82.1755 970.887 30.94 -21.2895 -52.2109 -87.2493 -66.2587 54.1901 41.4238 15.9591 1.9748 -16.0203 -37.7654 -19.7898 -83.1763 45.3982
layer: 0 neuron: 23 -56.3354 -124.565 413.765 56.4982 -178.762 54.934 -4.73305 -443.779 252.284 -213.028 18.6977 -321.109 -53.3386 228.963 505.011 781.884 394.298 391.006 -297.261 -164.191 -87.4151 -3.70788 393.231 97.126 1105.63 -218.337 -106.882 -321.315 -277.436 -325.386 295.259 -228.258 147.149 -106.753 -344.566 30.8422 133.989 -117.602 -63.6168 613.26 -2.13556 12.4153 63.021 138.111 260.847 361.358 253.288 -318.881 -298.811 -623.133 50.4643 416.639 82.1837 59.2657 -106.753 401.128 116.657 -60.1686 -313.385 85.0175
layer: 0 neuron: 24 -10.2264 55.6725 -107.388 386.3 -110.492 -143.409 179.518 -531.457 -10.0399 -140.342 253.323 -156.329 63.1856 -197.798 -52.8253 293.153 155.697 1340.32 40.6292 -77.0197 -54.6252 -406.439 1343.6 13.7673 506.267 -56.1315 47.899 -151.02 -15.5415 -70.512 -15.9174 34.3798 -32.1318 -116.818 -306.273 6.79673 -42.4169 37.4701 -9.43367 1043.8 24.2561 -34.9235 33.3578 75.5335 -85.6851 1315.45 32.8377 -52.3902 5.64233 20.7376 190.401 -50.1929 -131.091 44.6007 -116.818 211.315 108.878 25.5552 196.487 -87.8175
layer: 0 neuron: 25 97.6432 38.0144 -73.9871 196.154 11.6953 -46.9279 273.58 -514.1 106.873 -92.2902 390.063 112.935 92.6015 -425.909 104.547 225.099 48.5437 1066.5 195.832 99.0748 10.7401 -464.09 1070.27 -40.7766 517.199 125.645 2.16499 -98.1447 174.335 32.0211 14.3215 86.0659 66.2495 -95.2633 -148.764 30.5349 -1.26246 91.1994 113.161 801.163 134.046 105.388 155.739 312.917 167.325 1036.27 20.1235 26.8124 33.3057 1.51675 255.876 -170.024 27.4904 166.834 -95.2633 179.065 272.318 -92.6919 112.899 33.1044
layer: 0 neuron: 26 68.2865 52.5966 30.3084 567.348 83.7919 -1.08969 -45.4666 -178.545 26.212 -8.5599 74.5462 -8.74959 20.9637 -40.4964 184.275 373.352 287.209 1212.06 122.588 -119.982 -6.12654 -283.313 1215.66 -57.367 711.183 178.789 -97.2901 -92.3193 50.3563 113.767 44.8181 25.8683 33.394 -1.20572 -61.8351 147.308 77.5626 47.9251 72.7662 916.976 135.808 30.1843 110.67 161.341 159.354 1168.79 -35.0969 -31.3523 142.65 -63.8711 184.032 149.946 106 42.0773 -1.20572 49.451 235.019 -38.5273 -72.3848 -60.8744
layer: 0 neuron: 27 15.2882 92.3568 -19.6615 296.951 39.6118 -42.7738 -28.4874 -91.781 -33.6808 -15.9455 29.5828 -19.3186 54.7144 -72.9993 127.002 253.143 144.372 1339.31 53.0747 -79.5263 -23.3013 -254.674 1342.84 -79.5888 868.83 244.236 -31.9294 -95.6124 13.763 13.0923 -33.6161 82.7915 43.8061 -0.947726 -156.758 104.769 100.064 42.4256 11.7999 1041.17 67.0376 -3.36351 26.7611 130.443 183.512 1290.71 -42.2542 -17.3846 51.6938 -144.996 49.1447 196.421 103.129 -29.9597 -0.947726 -16.9207 115.792 -60.4551 -84.1531 -89.6437
layer: 0 neuron: 28 -72.7223 149.568 -46.5799 199.761 -119.663 -79.2815 41.1035 -114.556 -111.789 -80.3901 31.2339 -141.213 102.029 65.812 1.96408 123.846 39.3916 1121.97 -17.0467 -3.11631 16.9444 -83.6302 1125.36 -15.5958 604.131 149.441 68.261 -20.4105 -56.4665 -119.3 -27.2375 45.5075 -14.2632 -42.1922 -302.228 56.3562 8.41587 13.3404 -30.2334 840.109 -44.4341 -54.6325 -20.305 8.0014 -4.66835 1080.5 43.4742 -55.4571 -32.4194 -81.7883 -44.7125 139.069 -32.9534 -7.42081 -42.1922 96.7398 63.1183 41.9569 22.407 -84.504
layer: 0 neuron: 29 -17.1691 82.4944 23.0414 165.351 -31.2983 -10.5804 27.4693 -17.752 -53.0861 -21.7447 17.3877 -75.1584 36.5312 75.185 39.7947 22.1398 -19.4455 1047.75 -10.4028 23.3107 0.66404 16.058 1051.26 -32.6942 524.986 88.3516 48.5421 -30.1234 46.8513 -80.7264 -23.4113 24.398 -19.485 -16.5116 -96.0026 45.3227 9.0317 -27.4798 -25.4864 747.155 -31.4062 -13.2776 -2.70976 39.4992 66.9836 1007.08 20.9199 -19.1787 -45.5239 -88.5156 -39.0487 123.726 5.60177 4.9236 -16.5116 48.9847 12.8733 0.300672 -11.5662 -71.7004
layer: 0 neuron: 30 66.5308 -47.112 189.408 140.175 122.12 -24.7038 -121.113 316.097 146.606 53.8393 -19.227 -12.4001 -153.992 97.5674 141.8 -100.54 -70.5504 980.876 -77.6511 -80.9693 -22.9232 300.834 983.119 34.7735 692.188 -54.2421 -91.8845 22.1241 34.2254 115.715 -56.7243 11.6111 -22.6842 84.5957 77.1194 -24.1683 -88.4193 -102.231 -21.2792 762.764 42.6584 -65.6395 -96.8605 7.45649 23.954 943.158 -68.4208 40.7532 60.7073 -110.303 -67.9496 -47.5953 125.404 -73.3025 84.5957 -145.899 41.8151 -56.7886 135.364 -107.25
layer: 0 neuron: 31 38.8644 -33.5798 96.6299 -69.9485 28.9168 -47.909 15.9742 153.215 80.606 -1.07778 65.0596 35.1326 -119.402 -8.70576 237.907 -42.4317 -5.4205 524.064 -7.55211 -36.2103 18.9366 185.371 524.212 10.4545 989.253 74.9416 -25.1895 -34.0204 4.92995 17.5963 -107.655 17.4758 10.2638 60.236 -47.0832 2.18041 -98.7614 -7.04599 22.3618 554.043 19.5558 -34.9501 -121.742 15.6977 134.679 495.275 -40.6738 32.2228 36.7065 -214.666 -42.0665 -10.2392 137.862 -22.9467 60.236 -127.563 103.232 -124.967 50.0163 -126.845
layer: 0 neuron: 32 -17.6658 -36.9738 23.6552 109.272 17.3566 -23.3371 -31.876 213.335 -29.0093 56.6059 -25.7252 -7.21047 -90.1683 81.5342 120.34 -99.1576 1.21068 -268.117 23.7627 -28.4879 29.8928 233.599 -270.17 2.52408 477.932 76.8451 -52.955 30.3245 46.2792 84.2858 -145.973 17.1693 -113.214 28.1172 155.905 14.4533 -161.525 -19.7208 45.8175 -103.882 48.9781 -68.523 -96.7093 -47.4374 21.2604 -275.497 -33.7819 -20.9014 63.9223 -96.0357 -25.6955 -26.7368 83.0316 -29.778 28.1172 -135.666 88.0488 -80.2657 22.5903 -124.512
layer: 0 neuron: 33 44.6331 79.3893 27.058 -14.65 17.4495 -47.879 1.57946 -22.2469 -32.8328 18.4077 122.537 -61.2341 -25.4524 -183.591 123.9 5.10714 -155.041 -141.332 -43.7307 32.25 -48.902 13.3641 -144.716 -115.291 800.07 38.7362 -58.2061 -124.941 124.75 -146.022 -99.9303 106.176 -66.9524 2.41488 253.804 -32.5097 -70.3205 -110.408 -102.959 23.9804 -48.2064 -3.83691 -78.3466 154.785 166.258 -145.192 21.5946 24.301 -221.767 -289.169 -137.674 282.985 107.395 -53.9581 2.41488 -137.639 -148.405 -194.264 -1.38591 44.4841
layer: 0 neuron: 34 29.6749 96.5551 90.7134 75.981 -2.2087 -40.6843 3.48299 38.5369 -52.0975 9.71754 55.5227 29.7754 -101.483 73.4272 116.792 -65.4782 -176.16 -1248.2 -46.3383 76.3657 86.1998 76.5196 -1253.21 -63.5275 130.972 -49.3284 -77.3004 -81.4235 87.8829 -90.0698 -42.7079 -73.8887 -56.8832 46.1505 154.802 -49.105 -161.956 -44.979 -79.5393 -943.98 -52.2323 44.7172 -64.8042 137.493 115.521 -1231.86 80.3785 33.8588 -167.073 -156.172 -136.033 122.444 87.0264 35.2949 46.1505 -56.9983 -169.919 -118.268 1.12522 140.124
layer: 0 neuron: 35 -12.2753 139.299 14.5605 215.611 -48.4804 -69.5148 18.9597 -150.415 -135.361 -8.55336 -27.1275 -42.1331 -134.53 211.215 132.195 42.4693 29.2858 -1873.05 -16.9395 30.392 190.166 36.9144 -1880.32 -8.90403 30.3533 33.0709 -101.769 -58.256 12.8766 -68.7463 -27.6926 -198.123 -53.2752 23.4896 -26.9759 13.9162 -220.282 25.7513 15.3907 -1359.06 -84.0431 -28.568 -62.2849 40.0183 -11.1774 -1841.7 132.279 -43.1146 -41.2168 -58.8805 -32.6228 74.7892 43.8494 77.1178 23.4896 15.7976 -102.813 -19.3547 -83.0236 136.798
layer: 0 neuron: 36 14.9212 138.324 -19.0264 456.412 13.3898 -70.9014 3.16573 -190.081 -210.832 43.6579 6.76055 -108.541 -96.1125 392.07 36.2997 65.8114 119.412 -2869.1 154.965 107.317 152.639 34.7692 -2878.49 -37.7226 -522.032 53.0002 -59.8148 -132.757 40.5572 26.5225 -3.96251 -168.629 -171.44 -0.920623 390.229 86.8329 -170.762 -56.452 3.31907 -2181.93 51.8584 -2.45198 24.2591 190.591 -20.3482 -2810.97 64.8613 -84.786 -37.599 -10.7994 -30.4786 215.173 9.53837 109.604 -0.920623 2.27822 -39.0846 -76.3166 -39.16 138.86
layer: 0 neuron: 37 66.88 -46.7627 189.758 140.524 122.469 -24.3546 -120.764 316.446 146.956 54.1886 -18.8778 -12.0508 -153.643 97.9166 142.15 -100.19 -70.2012 981.225 -77.3018 -80.6201 -22.574 301.183 983.468 35.1227 692.537 -53.8928 -91.5352 22.4733 34.5746 116.065 -56.3751 11.9604 -22.335 84.9449 77.4686 -23.8191 -88.0701 -101.881 -20.9299 763.113 43.0076 -65.2903 -96.5113 7.80571 24.3032 943.507 -68.0716 41.1024 61.0565 -109.954 -67.6004 -47.2461 125.753 -72.9533 84.9449 -145.55 42.1643 -56.4394 135.713 -106.901
layer: 0 neuron: 38 38.7599 -33.6843 96.5253 -70.0531 28.8122 -48.0136 15.8696 153.11 80.5015 -1.18234 64.955 35.028 -119.506 -8.81032 237.803 -42.5362 -5.52506 523.96 -7.65667 -36.3148 18.832 185.267 524.107 10.35 989.148 74.837 -25.2941 -34.1249 4.82539 17.4918 -107.759 17.3712 10.1592 60.1315 -47.1878 2.07585 -98.8659 -7.15054 22.2573 553.939 19.4512 -35.0547 -121.847 15.5932 134.575 495.17 -40.7784 32.1183 36.602 -214.77 -42.171 -10.3437 137.757 -23.0513 60.1315 -127.667 103.128 -125.072 49.9118 -126.949
layer: 0 neuron: 39 -17.2901 -36.5981 24.0309 109.648 17.7323 -22.9614 -31.5003 213.71 -28.6336 56.9817 -25.3495 -6.83475 -89.7926 81.9099 120.715 -98.7818 1.5864 -267.741 24.1385 -28.1122 30.2686 233.974 -269.794 2.89979 478.307 77.2208 -52.5793 30.7002 46.6549 84.6615 -145.597 17.545 -112.839 28.4929 156.281 14.829 -161.149 -19.345 46.1933 -103.507 49.3538 -68.1473 -96.3336 -47.0617 21.6361 -275.121 -33.4062 -20.5257 64.2981 -95.6599 -25.3198 -26.3611 83.4073 -29.4023 28.4929 -135.29 88.4246 -79.89 22.966 -124.136
layer: 0 neuron: 40 45.1466 79.9028 27.5716 -14.1365 17.963 -47.3655 2.09297 -21.7334 -32.3193 18.9212 123.051 -60.7206 -24.9389 -183.078 124.413 5.62064 -154.528 -140.819 -43.2172 32.7635 -48.3884 13.8776 -144.203 -114.777 800.584 39.2497 -57.6926 -124.428 125.263 -145.509 -99.4168 106.689 -66.4389 2.92839 254.318 -31.9962 -69.807 -109.894 -102.446 24.4939 -47.6928 -3.3234 -77.8331 155.299 166.771 -144.678 22.1081 24.8145 -221.254 -288.656 -137.161 283.498 107.909 -53.4446 2.92839 -137.126 -147.892 -193.75 -0.87241 44.9976
layer: 0 neuron: 41 29.2326 96.1128 90.2711 75.5387 -2.65097 -41.1265 3.04072 38.0946 -52.5398 9.27526 55.0804 29.3332 -101.925 72.9849 116.35 -65.9205 -176.602 -1248.64 -46.7806 75.9234 85.7575 76.0773 -1253.66 -63.9698 130.53 -49.7707 -77.7427 -81.8658 87.4406 -90.5121 -43.1502 -74.331 -57.3254 45.7083 154.36 -49.5473 -162.398 -45.4213 -79.9815 -944.422 -52.6746 44.2749 -65.2465 137.051 115.079 -1232.3 79.9363 33.4166 -167.516 -156.615 -136.476 122.002 86.5842 34.8527 45.7083 -57.4406 -170.361 -118.71 0.682942 139.682
layer: 0 neuron: 42 -12.8032 138.771 14.0327 215.083 -49.0083 -70.0427 18.4318 -150.943 -135.888 -9.08121 -27.6554 -42.6609 -135.057 210.688 131.667 41.9415 28.7579 -1873.58 -17.4673 29.8641 189.638 36.3865 -1880.85 -9.43188 29.8254 32.543 -102.297 -58.7839 12.3488 -69.2742 -28.2205 -198.651 -53.8031 22.9618 -27.5038 13.3884 -220.81 25.2235 14.8628 -1359.59 -84.571 -29.0959 -62.8128 39.4904 -11.7052 -1842.22 131.751 -43.6425 -41.7447 -59.4083 -33.1506 74.2613 43.3215 76.59 22.9618 15.2697 -103.341 -19.8826 -83.5515 136.27
layer: 0 neuron: 43 15.2488 138.652 -18.6988 456.74 13.7174 -70.5738 3.49335 -189.754 -210.504 43.9856 7.08817 -108.214 -95.7848 392.397 36.6273 66.139 119.739 -2868.78 155.293 107.644 152.967 35.0969 -2878.16 -37.395 -521.704 53.3278 -59.4871 -132.43 40.8848 26.8501 -3.63489 -168.301 -171.113 -0.593006 390.557 87.1605 -170.434 -56.1244 3.64669 -2181.61 52.1861 -2.12437 24.5867 190.919 -20.0206 -2810.64 65.189 -84.4583 -37.2714 -10.4718 -30.151 215.5 9.86598 109.932 -0.593006 2.60584 -38.757 -75.989 -38.8324 139.188
layer: 0 neuron: 44 -22.9997 -84.7459 -7.51064 -143.956 -10.2898 28.0508 11.7288 34.9814 60.2223 15.8936 96.7993 55.1142 -26.8588 -61.2475 -83.3103 -35.1864 41.686 -1139.55 16.4662 -33.5743 -37.5552 9.06562 -1143.22 46.1746 -656.349 -71.2673 28.2327 34.9285 -33.7748 71.4917 8.43265 23.4758 -14.107 -7.75066 136.061 -46.3329 -4.71072 11.9452 5.94857 -826.574 52.6578 30.3705 15.1515 -31.2567 -93.076 -1094.89 -32.826 12.0437 15.0835 42.6527 48.7059 -34.862 -57.2976 -15.2625 -7.75066 1.09903 34.8384 -12.4242 79.7344 -14.8526
layer: 0 neuron: 45 -22.8504 -84.5966 -7.36138 -143.806 -10.1406 28.2001 11.8781 35.1307 60.3715 16.0429 96.9485 55.2634 -26.7095 -61.0982 -83.161 -35.0372 41.8353 -1139.4 16.6154 -33.4251 -37.4059 9.21489 -1143.07 46.3239 -656.2 -71.1181 28.3819 35.0778 -33.6255 71.641 8.58191 23.6251 -13.9577 -7.6014 136.21 -46.1836 -4.56145 12.0944 6.09784 -826.424 52.807 30.5198 15.3007 -31.1074 -92.9267 -1094.74 -32.6767 12.1929 15.2328 42.802 48.8552 -34.7128 -57.1483 -15.1132 -7.6014 1.2483 34.9876 -12.275 79.8837 -14.7033
layer: 0 neuron: 46 -22.5771 -84.3234 -7.08811 -143.533 -9.8673 28.4733 12.1513 35.404 60.6448 16.3162 97.2218 55.5367 -26.4362 -60.825 -82.8878 -34.7639 42.1086 -1139.13 16.8887 -33.1518 -37.1327 9.48815 -1142.79 46.5972 -655.926 -70.8448 28.6552 35.351 -33.3523 71.9142 8.85518 23.8983 -13.6844 -7.32813 136.483 -45.9104 -4.28819 12.3677 6.3711 -826.151 53.0803 30.7931 15.574 -30.8342 -92.6534 -1094.47 -32.4035 12.4662 15.506 43.0753 49.1284 -34.4395 -56.8751 -14.8399 -7.32813 1.52156 35.2609 -12.0017 80.1569 -14.4301
layer: 0 neuron: 47 -22.6757 -84.422 -7.18672 -143.632 -9.9659 28.3747 12.0527 35.3054 60.5462 16.2175 97.1232 55.4381 -26.5348 -60.9236 -82.9864 -34.8625 42.0099 -1139.23 16.7901 -33.2504 -37.2313 9.38955 -1142.89 46.4986 -656.025 -70.9434 28.5566 35.2524 -33.4509 71.8156 8.75657 23.7997 -13.783 -7.42674 136.384 -46.009 -4.38679 12.2691 6.27249 -826.25 52.9817 30.6945 15.4754 -30.9328 -92.752 -1094.57 -32.5021 12.3676 15.4074 42.9767 49.0298 -34.5381 -56.9737 -14.9385 -7.42674 1.42296 35.1623 -12.1003 80.0583 -14.5287
layer: 0 neuron: 48 -22.6963 -84.4425 -7.20729 -143.652 -9.98647 28.3541 12.0322 35.2848 60.5256 16.197 97.1026 55.4175 -26.5554 -60.9441 -83.007 -34.8831 41.9894 -1139.25 16.7695 -33.271 -37.2518 9.36898 -1142.91 46.478 -656.046 -70.964 28.536 35.2318 -33.4714 71.7951 8.736 23.7792 -13.8036 -7.44731 136.364 -46.0296 -4.40736 12.2485 6.25192 -826.27 52.9611 30.6739 15.4548 -30.9533 -92.7726 -1094.59 -32.5227 12.347 15.3869 42.9561 49.0092 -34.5587 -56.9942 -14.9591 -7.44731 1.40239 35.1417 -12.1209 80.0377 -14.5493
layer: 0 neuron: 49 -22.7268 -84.473 -7.23781 -143.683 -10.017 28.3236 12.0017 35.2543 60.4951 16.1665 97.0721 55.387 -26.5859 -60.9747 -83.0375 -34.9136 41.9589 -1139.28 16.739 -33.3015 -37.2823 9.33846 -1142.94 46.4475 -656.076 -70.9945 28.5055 35.2013 -33.5019 71.7646 8.70548 23.7486 -13.8341 -7.47783 136.333 -46.0601 -4.43788 12.218 6.2214 -826.301 52.9306 30.6434 15.4243 -30.9838 -92.8031 -1094.62 -32.5532 12.3165 15.3564 42.9256 48.9787 -34.5892 -57.0248 -14.9896 -7.47783 1.37187 35.1112 -12.1514 80.0072 -14.5798
layer: 0 neuron: 50 -22.7341 -84.4804 -7.24513 -143.69 -10.0243 28.3163 11.9943 35.2469 60.4878 16.1591 97.0648 55.3797 -26.5932 -60.982 -83.0448 -34.9209 41.9515 -1139.29 16.7317 -33.3088 -37.2897 9.33114 -1142.95 46.4401 -656.084 -71.0018 28.4982 35.194 -33.5093 71.7572 8.69816 23.7413 -13.8414 -7.48515 136.326 -46.0674 -4.44521 12.2107 6.21408 -826.308 52.9233 30.6361 15.417 -30.9912 -92.8104 -1094.63 -32.5605 12.3092 15.349 42.9182 48.9714 -34.5965 -57.0321 -14.997 -7.48515 1.36454 35.1039 -12.1587 79.9999 -14.5871
layer: 0 neuron: 51 -88.7012 141.146 82.9769 -540.051 -5.86476 -73.0624 -35.8292 247.099 256.735 -18.9345 51.282 59.5451 -145.438 -316.279 434.232 279.758 -128.301 -2468.02 3.51326 -206.779 -6.20724 103.564 -2474.77 -41.8246 478.19 171.016 -37.0213 11.0329 -100.842 -275.036 6.63642 -148.151 185.52 106.492 73.4092 13.8161 28.6265 -8.15481 -41.2285 -1446.59 -85.5039 79.1254 -63.186 302.946 179.254 -2461.68 -37.3579 -52.0846 -107.875 -597.689 -407.245 407.768 175.764 20.6045 106.492 -102.795 -20.6156 -231.915 1.62751 -13.0187
layer: 0 neuron: 52 179.122 187.145 223.609 -460.581 224.493 139.72 -7.81211 36.6063 35.7718 25.7853 -53.7543 -44.3066 192.082 -404.856 324.481 311.975 64.2469 -3171.83 8.35789 -125.431 166.766 -67.1028 -3179.81 -313.903 660.902 87.1913 -121.41 110.005 -299.196 -307.878 -80.9433 -47.2458 241.048 260.171 -383.044 248.408 481.562 199.222 13.9701 -1688 -226.505 54.3993 -28.7529 -56.3625 377.56 -3145.97 -105.747 -34.372 108.648 -478.801 -18.8337 149.087 387.521 -78.8519 260.171 270.506 198.924 1.95549 -176.72 -1.79863
layer: 0 neuron: 53 21.7061 -390.665 96.6845 -12.1918 16.5696 5.55216 -130.534 165.162 69.2223 -62.3805 -159.845 254.264 92.8345 -180.845 -31.3656 -287.158 -123.41 -2588.76 -108.234 -31.5943 -213.657 -349.659 -2597.55 -133.122 -318.402 204.003 -123.374 -297.428 119.086 24.6944 106.653 313.061 33.6576 -27.7105 -522.695 -165.149 144.159 -204.213 48.6781 -1757.49 30.3672 -189.415 125.456 -164.392 136.075 -2522.85 -200.729 -133.616 -90.2283 -384.032 -64.4388 -760.53 47.2845 -120.311 -27.7105 -161.758 540.12 -104.016 -97.6044 -315.449
layer: 0 neuron: 54 -95.9858 -14.0628 157.591 601.164 54.9056 -215.955 -80.5623 -151.003 76.3174 -120.091 -129.181 -101.216 -107.391 132.186 130.443 16.0214 -43.3243 -1742.25 -146.851 181.234 -180.77 -263.111 -1750.88 278.686 250.578 162.166 64.6906 -17.0981 117.292 -164.093 366.198 23.3919 -39.4774 -60.3074 -1036.8 50.181 -185.387 -123.308 -50.9438 -1151.21 -35.064 -69.0255 38.1635 148.789 -147.07 -1691.93 -33.8228 16.4177 -67.1179 44.1318 -79.6102 -248.165 -32.8963 23.5087 -60.3074 47.1434 -507.199 316.019 46.3937 -32.4809
layer: 0 neuron: 55 36.2013 60.9576 -170.54 336.198 -112.237 89.5653 -86.4075 -281.842 -210.86 -153.094 -215.955 -180.87 130.663 -265.768 -310.676 -245.913 -65.1497 -1811.1 -99.4309 49.3285 -173.056 -18.1078 -1819.55 20.2027 -183.794 -348.715 145.052 185.761 116.285 -138.271 65.0621 -93.168 -210.858 -111.475 -442.735 -71.1948 -14.0479 -63.5625 44.8091 -1301.42 -194.169 38.1057 -88.6019 -191.604 -275.893 -1753.9 31.8611 116.19 121.027 232.93 101.075 -164.085 -273.306 -90.4538 -111.475 127.712 -306.821 166.814 8.77546 -34.1471
layer: 0 neuron: 56 98.2328 278.153 146.993 -206.581 50.6571 127.22 204.957 116.34 234.263 -152.295 102.046 -316.469 308.572 -88.641 -86.503 309.918 -104.989 -2321.88 -65.0893 -152.413 2.17139 295.115 -2328.68 -122.448 558.667 123.435 198.9 239.821 -139.595 -380.063 -104.481 95.7498 262.076 111.683 -79.2156 309.589 462.584 50.3281 -145.271 -1447.51 -57.0967 48.3641 29.4288 -88.3934 293.903 -2290.97 104.558 123.005 75.664 -112.188 -7.41457 436.705 151.293 13.8172 111.683 299.815 280.307 51.2792 -68.8769 -53.861
layer: 0 neuron: 57 20.3346 -1.91425 36.479 -122.575 -110.105 -132.617 -76.2555 9.63536 150.192 79.4502 -45.1667 113.349 -311.807 -7.89628 432.27 138.747 84.8984 -344.478 -33.2037 -119.196 -36.394 90.787 -349.789 -54.6809 835.351 78.935 -92.0286 -1.01168 154.384 317.631 12.9209 -58.7594 82.8589 64.8203 245.065 -80.6505 75.6835 -109.881 111.696 -40.6036 69.8973 55.8362 -193.364 17.8628 160.499 -342.957 33.9344 21.9129 139.601 -265.155 -224.875 -158.016 41.7676 57.5757 64.8203 -205.712 197.145 -159.705 37.9498 -248.51
layer: 0 neuron: 58 -22.3315 -84.0777 -6.84247 -143.288 -9.62166 28.719 12.397 35.6496 60.8904 16.5618 97.4675 55.7823 -26.1906 -60.5793 -82.6421 -34.5182 42.3542 -1138.88 17.1343 -32.9062 -36.887 9.7338 -1142.55 46.8428 -655.681 -70.5992 28.9008 35.5967 -33.1066 72.1599 9.10082 24.144 -13.4388 -7.08249 136.729 -45.6647 -4.04255 12.6133 6.61674 -825.905 53.3259 31.0387 15.8196 -30.5885 -92.4078 -1094.22 -32.1578 12.7118 15.7517 43.3209 49.3741 -34.1939 -56.6294 -14.5943 -7.08249 1.7672 35.5065 -11.7561 80.4026 -14.1844
layer: 1 neuron: 0 -0.0537117 -2.95119 -0.835795 -1.54509 0.289811 2.98585 2.48086 4.02109 -1.04478 -1.22595 -1.75231 2.33958 -0.445069 -0.27313 -1.4369 2.118 -1.69629 -4.14894 3.16415 -0.0775036 2.3924 4.27936 -7.71082 4.48046 -2.05035 -1.89392 -2.09537 -3.68734 -2.22198 1.46771 4.98785 -2.00593 -4.20212 -8.05568 -5.16826 0.580676
layer: 1 neuron: 1 -3.34068 3.00155 1.15239 -4.5124 6.01335 -4.35765 0.0403851 -1.56967 2.45331 -5.59275 -6.29743 5.86504 -0.17883 0.759382 3.33551 1.5238 7.24844 0.310135 4.40676 7.82455 2.86743 1.43881 -9.41054 8.53151 -0.520134 -1.39418 -0.843084 -3.17565 1.55016 -0.700685 1.24203 -9.06423 -5.21548 -1.21541 0.182313 0.253182
layer: 1 neuron: 2 -4.60526 8.54336 3.08232 2.03568 2.30181 -3.50639 4.40329 -2.72875 0.918987 0.578051 1.21623 -3.81 -7.42357 -8.72582 -1.19168 -2.58495 1.68618 -0.766615 4.19129 4.42647 1.07547 4.83586 1.45438 -1.83514 2.29133 -2.57424 1.16613 -1.43477 2.59807 -1.14941 1.50367 -1.04331 5.06877 1.62502 -2.76861 0.0466933
layer: 1 neuron: 3 -7.74774 7.50893 17.0645 12.4235 5.46006 -4.17613 -1.52804 -0.794438 -3.71639 1.03997 -8.43217 0.274952 -7.19788 -3.60294 2.09621 -4.82089 -5.53343 -2.27333 2.13146 5.13638 -4.70316 -3.3455 -7.52101 -10.803 -9.47744 -4.94056 -8.70459 -12.6863 10.8625 4.21807 -14.3776 0.524762 -0.583934 -2.2153 3.9877 0.365368
layer: 1 neuron: 4 -0.0454343 -1.91665 2.71189 -1.99768 -2.85857 1.28907 7.20281 -4.90862 -1.27718 -5.96659 -1.42795 3.00084 -2.57149 1.60446 8.51084 -2.42691 -1.28976 2.35147 2.7069 2.45413 1.63126 7.52486 -5.45333 -3.27803 0.713439 -0.876507 3.17075 0.782276 -2.26765 -2.42176 3.79904 -2.75432 2.32055 -7.49977 1.56404 0.414594
layer: 1 neuron: 5 -0.470752 -6.0352 -0.351695 2.23489 2.58905 -5.2854 -1.60477 5.64228 0.289602 -0.298982 -4.0012 -1.83029 -3.75871 1.09098 -3.29438 -2.05795 -1.74374 -0.413871 -2.7524 2.84957 -2.67122 1.19689 5.11406 1.35675 -3.88674 1.18 -0.0424708 -0.828169 -1.80655 -6.63445 2.37408 1.39359 2.82334 1.78829 -0.482108 0.442152
layer: 1 neuron: 6 1.53805 -0.76174 -6.64196 -5.12708 2.25673 -2.24218 -3.852 -0.49583 -0.487786 6.94414 0.566522 1.09637 4.54902 -0.660576 -6.3006 5.21975 0.174863 3.22161 0.697161 2.10064 -3.85172 -1.4152 -0.941869 2.42892 -4.49324 3.04821 -0.980085 -0.75781 0.359256 1.32905 -3.84454 -0.244863 -3.61015 -0.345717 -6.38928 0.761071
layer: 1 neuron: 7 -4.09063 4.79943 4.88442 3.27456 4.7612 -7.45337 -3.43176 9.41 -3.54971 -4.44857 1.0117 -11.8585 -0.0856949 -1.74631 -7.68192 3.03572 -1.72083 -0.685707 -1.89106 4.08976 5.55534 5.32664 3.84699 -2.92428 1.78946 -1.8191 0.339804 2.54215 -5.73604 4.67264 1.57345 -1.18011 -7.86188 5.40599 1.19536 0.317942
layer: 1 neuron: 8 1.47631 -5.75198 -2.15022 -2.29038 0.718415 0.261485 5.22566 -3.32814 -2.28015 -0.888377 8.00003 -1.1543 -3.74794 -3.57967 -6.87098 -1.69453 -0.247667 2.08757 0.0651062 0.688314 -1.08207 1.57819 8.55036 0.510768 2.51428 -5.3952 4.82099 -3.76799 -0.506721 0.693574 -3.64662 -1.16302 -3.16208 0.616407 1.65646 0.451765
layer: 1 neuron: 9 -1.43994 1.94828 0.139876 2.5346 -1.54058 -0.68632 0.169316 0.147946 1.54902 -0.77989 3.81027 0.98706 -3.5057 2.18952 -4.03435 -2.21668 -2.07804 3.75734 -2.71407 4.75276 -3.76508 -0.21074 0.0436819 0.329484 -2.5501 1.2825 1.77566 1.96838 -1.63351 1.6283 1.61036 -2.91715 4.24281 -0.186112 -0.820663 0.101321
layer: 1 neuron: 10 -0.0936412 -1.25465 -12.1455 -5.40045 3.33303 -4.70374 4.35148 0.195721 5.63915 6.0762 4.25591 8.90387 -8.84832 -2.64051 -0.13969 3.79794 -2.97709 12.0512 0.896975 -3.19184 -3.56909 -3.37952 -2.78728 5.27835 -1.75978 1.53416 0.851084 -1.83875 13.6746 -0.646608 -4.54613 8.99644 3.14824 -2.24143 -4.94764 0.106479
layer: 1 neuron: 11 0.415242 -3.63024 0.200455 -13.4654 4.24267 0.63376 -3.7747 16.833 1.26651 7.79779 5.67653 6.37798 -2.68021 1.48908 4.02443 2.97224 -7.14008 0.635269 -0.399837 -0.634826 -1.13865 -3.64328 0.073793 -1.10842 -7.88583 1.50426 4.68328 -0.151075 -9.05233 1.40937 -11.3336 12.5146 6.42277 -2.16634 3.28772 0.408551
layer: 1 neuron: 12 -0.490496 2.32719 -2.13354 3.97338 0.339569 -2.79506 -2.21933 6.81415 -5.52747 4.66694 -4.57631 -4.26803 3.60975 -0.0260914 3.14751 3.48482 -2.59709 -4.3001 -3.23523 -0.831573 -0.21655 -1.89197 0.602133 -2.74304 2.70967 -1.68511 -11.1332 0.263553 0.701901 4.67336 -3.79345 -2.35891 -0.118253 3.58223 -6.1131 0.512131
layer: 1 neuron: 13 -17.6726 0.459709 -0.148639 -12.9205 2.54858 -5.62234 7.8148 -1.18122 -10.0244 -4.64576 -0.629525 -7.64529 7.89516 -11.3775 0.00158349 2.72046 9.24549 -4.73402 5.51407 -3.7871 10.0285 6.85643 -0.642001 -7.59199 -16.0747 -4.43423 -1.55312 -6.90342 -5.88473 4.71898 -1.9238 12.1661 7.86961 5.26378 7.49159 0.784814
layer: 1 neuron: 14 5.77881 -1.0424 2.54282 4.13711 0.361571 0.205077 2.12684 7.29128 2.6139 4.94777 2.05942 -0.790983 2.80147 -0.731126 1.64448 1.36269 -1.81308 1.34339 7.04386 -1.8623 2.22588 2.24279 5.83534 -1.60225 -3.67216 2.9654 0.210429 -0.890457 4.50558 5.72786 -0.219655 0.907154 -0.089643 0.814482 -1.40359 0.87817
layer: 1 neuron: 15 -5.66122 -7.43691 16.0821 5.04785 -4.54892 8.72149 1.59184 -0.435143 2.06147 -10.6959 5.04504 -6.04259 3.2022 -5.59937 1.90043 0.263767 2.32623 -3.74681 2.23768 1.69032 -3.21099 0.419505 6.37906 -5.57739 2.07942 0.695374 -5.26302 -5.10479 4.98388 2.21785 -8.85322 -4.36963 -4.80748 -0.470912 -7.75121 0.379192
layer: 1 neuron: 16 -6.58538 0.0378313 11.0657 -6.13147 1.37877 -0.525005 -3.65418 11.2475 -9.4225 -3.37069 -1.43587 -6.84814 3.40321 -3.58818 -1.66014 1.16321 -0.152759 -2.63083 -2.21505 -5.61 1.89882 -2.79831 -6.6551 -4.12165 -8.9882 -2.32233 -5.82079 -2.65312 6.18187 5.08274 0.913014 -5.3109 4.30957 1.56003 6.23882 0.487564
layer: 1 neuron: 17 16.5229 19.1967 19.8468 17.6172 15.0928 13.4803 15.0444 17.2096 22.7362 16.9291 15.3907 19.778 17.9759 18.6832 20.6771 12.1702 16.296 15.7553 25.0683 16.0083 17.7308 17.7229 16.5269 24.0378 19.2512 11.8045 16.3734 21.6082 11.3292 15.9288 21.5457 20.6544 16.0779 14.7843 17.8457 0.964202
layer: 1 neuron: 18 -9.99043 -6.11245 -3.82883 -0.86924 3.39294 4.94887 -1.48983 -0.776329 -9.61884 1.4164 -2.67003 6.8096 -1.67361 7.01404 7.72629 2.87513 -4.63516 3.73175 -0.690342 0.855352 1.59869 5.15056 4.97241 -1.10774 -2.29122 4.15728 -11.95 -0.19148 0.368554 4.07196 -5.23819 -5.59897 2.5602 -2.38624 0.13352 0.720389
layer: 1 neuron: 19 -6.56356 14.0072 -12.634 -1.19121 -4.90767 0.0277621 0.880667 -3.17849 -0.767293 0.856131 -6.44093 2.40818 0.677448 -4.58725 4.68752 1.88843 -3.48743 0.614426 4.83916 -5.49849 1.31254 3.27953 2.35358 1.82675 -2.74216 -1.38321 -6.97458 -1.60828 -7.2228 2.58313 2.0166 0.452589 3.29603 -5.13247 4.91777 0.619556
layer: 1 neuron: 20 3.19191 4.30354 1.29362 -5.21786 -0.6347 -9.86057 -4.15788 3.15804 -0.00416407 -2.23082 3.27609 -0.269678 3.67787 -2.69603 0.646706 4.64273 3.0658 -3.79655 2.73057 1.20447 3.4618 -0.199204 -6.56704 4.68874 -3.07591 1.64985 -0.660886 -3.05183 -5.37618 2.64645 -3.26325 0.7507 1.02944 2.33327 -2.98572 0.740654
layer: 1 neuron: 21 -0.391198 -0.614216 2.1132 -5.05937 6.87873 -6.47744 -0.991651 -5.55086 -13.8083 1.70081 5.62168 -10.7576 -8.53739 -11.1216 -10.2022 -1.63118 3.45951 0.623691 2.81402 1.61766 6.27153 0.0650529 -2.14193 11.3752 -0.701973 3.48164 12.4003 9.71213 -5.58105 1.2224 6.7477 1.90769 2.92709 6.75845 -2.73266 0.456343
layer: 1 neuron: 22 16.5269 19.2007 19.8508 17.6212 15.0968 13.4843 15.0484 17.2136 22.7402 16.9331 15.3947 19.782 17.9799 18.6872 20.6811 12.1742 16.3 15.7593 25.0723 16.0123 17.7348 17.7269 16.5309 24.0418 19.2552 11.8085 16.3774 21.6122 11.3332 15.9328 21.5497 20.6584 16.0819 14.7883 17.8497 0.9682
layer: 1 neuron: 23 -2.66563 -0.672265 -0.758036 -2.58433 -1.08355 0.011528 2.41108 1.50443 -8.4156 -0.775843 7.55118 -4.01429 1.70626 2.31333 -1.8493 -1.81254 1.72262 -1.00565 -0.899974 1.31399 1.22087 -0.441876 4.78714 4.14249 2.42875 -1.0701 -2.91962 -0.4085 0.905999 2.25768 6.05181 7.41703 -3.05284 -5.26779 2.3441 0.267769
layer: 1 neuron: 24 13.5444 -7.66404 4.12029 17.3947 13.0651 12.7293 2.97517 17.1731 4.55075 16.8927 15.0165 15.4186 9.0978 18.6467 4.79575 8.61265 13.049 15.3723 15.4296 7.09784 8.33089 7.41069 16.4904 15.5752 19.2147 11.4874 15.6641 20.7607 1.06266 15.5562 21.1612 20.6176 13.8805 12.1432 17.4125 0.927732
layer: 1 neuron: 25 2.36988 1.00854 1.01961 4.22598 -5.05964 -3.51017 1.4334 -0.138474 -0.571004 0.0372663 5.9375 8.08805 4.08544 4.04555 4.85871 5.25253 11.7979 -2.24021 5.01029 -1.26874 -1.68941 2.48057 -3.36059 -3.66561 -11.5449 -3.67952 -1.61684 2.72204 0.691373 3.66694 -0.563524 -2.69176 -0.841643 -9.44742 -3.32734 0.579882
layer: 1 neuron: 26 -1.74371 -1.88465 -2.84743 -1.62484 1.03473 -1.91109 -6.53562 0.908275 -10.5962 -0.325007 -2.41104 -5.95046 4.99231 3.36234 4.69816 -0.542925 5.27144 -3.86129 -0.548166 1.11351 5.23445 -2.4065 4.91805 -0.451627 -5.86544 -1.1173 0.941719 3.79208 2.61078 -0.368572 2.74756 3.95626 -1.87985 1.01012 0.700302 0.303018
layer: 1 neuron: 27 2.60996 4.32938 2.02032 -0.966533 8.31116 -10.6439 -0.73814 -6.82839 -3.42832 -0.44756 4.67225 1.88651 -10.4481 -2.20521 -6.65675 0.244846 4.45788 -4.0497 -4.93165 1.71559 -2.80064 -2.07351 -0.318184 6.08989 2.4143 -4.71431 -0.96216 -0.292509 -4.59322 3.8799 -3.03188 -4.60739 -2.02163 -2.06739 -3.0593 0.867824
layer: 1 neuron: 28 0.925028 6.93845 -0.125026 4.21483 5.30652 -0.240539 -5.6589 2.73861 4.23843 9.28314 -7.58899 6.6735 -2.70382 -9.11497 -6.65644 -3.93298 -6.54898 -0.907165 5.21541 3.35089 -3.92686 -0.402738 -0.171753 0.623429 -2.59425 0.680191 3.62792 2.05938 1.84578 2.09063 2.09356 -1.10449 5.04518 -7.39766 0.365343 0.15183
layer: 1 neuron: 29 -2.35911 1.94156 -0.862708 -1.91759 -2.75668 1.77889 -2.76764 0.466026 -0.8946 -0.946981 5.50264 1.39314 -5.91415 2.70497 1.94176 -3.78053 3.53595 -3.08012 -3.19788 0.797555 3.47364 -3.37815 0.230918 -2.7373 -1.27261 -0.443934 4.36225 -0.638404 -1.2063 3.94136 -6.50986 -1.17517 -0.922787 -0.252457 -1.88244 0.321146
layer: 1 neuron: 30 -0.0155875 -5.90813 0.707066 -3.95383 -0.278926 -0.786118 1.58494 -4.4925 1.45903 3.9515 4.34522 4.40644 -3.50677 -3.10317 -3.67198 -2.05015 -2.42764 -3.08377 3.7977 -0.555844 -2.79806 4.7535 6.52013 -3.2926 -1.81106 -5.43466 -3.04092 -2.20421 4.39968 2.07177 3.42618 6.05558 7.28457 -1.36845 3.71752 0.379437
layer: 1 neuron: 31 -2.60357 0.457092 -2.09726 0.77701 4.44074 0.722786 3.96133 4.70761 0.523662 10.8772 1.72437 1.35016 0.937633 1.07157 -0.325299 4.08295 8.08895 3.28151 -3.06678 1.35492 -9.54185 1.08659 -6.64157 -8.3265 3.83524 -1.98983 -2.15832 7.10285 1.04781 8.72004 0.869252 0.401723 -0.542326 -1.3241 -8.20561 0.114658
layer: 1 neuron: 32 4.00657 -2.93678 -1.23446 -1.09265 -2.79522 -4.23507 -6.45402 -1.88263 0.383442 -0.319658 2.29615 -4.55723 5.52035 8.632 1.31342 -4.69848 3.4788 7.02851 -0.834617 0.00439437 -2.20189 6.04227 0.568818 -1.13919 -4.08818 0.151087 0.539182 -1.75518 0.0993219 1.85632 14.1478 -10.8447 -2.97139 0.499378 -2.29598 0.851894
layer: 1 neuron: 33 0.445724 -0.95912 1.63058 -4.00632 -1.28455 -2.10019 1.46836 -1.87671 0.952231 -1.94437 1.76623 1.06981 0.0666941 -1.78367 0.677987 1.49824 -0.0645356 -1.94556 2.76749 -1.21508 4.81584 -1.48773 -0.696007 -0.288245 -0.51687 0.0632346 3.06445 -1.20614 -0.105913 -1.23161 -0.50014 -2.8276 5.66725 1.07957 -2.98039 0.291543
layer: 1 neuron: 34 -12.9033 2.00431 3.54404 1.93138 4.50403 0.595483 -0.749823 0.454966 -4.41959 8.15167 6.8318 1.67846 -7.39455 -2.59334 -0.536321 2.51216 -10.8567 10.9815 -2.10567 0.610604 11.2511 -4.60621 4.69669 13.2339 -3.15989 1.53788 0.713055 15.0998 -2.2443 4.80545 3.50842 -2.88759 9.62466 8.90789 3.67474 0.0786767
layer: 1 neuron: 35 -4.15503 0.364118 8.95677 -3.993 -1.68252 -3.53501 0.467506 -7.73395 -4.67869 -1.46941 -0.512557 3.37883 3.03928 -7.3014 6.94605 1.25009 -0.534566 -4.23392 4.48579 -6.00964 -0.174604 4.55456 0.0567717 -0.439709 -2.37869 -3.30973 -1.21232 -2.90757 1.14268 -5.32127 -3.28859 4.51814 -2.82232 1.03512 -1.53354 0.718772
layer: 1 neuron: 36 0.139861 -3.59614 0.975389 -1.44872 -2.7283 2.70377 0.320185 -4.50733 -0.23182 -3.47698 -6.60834 2.75047 -3.43132 -1.8394 -0.508857 -3.54667 0.614144 2.32495 -0.916317 1.34497 -3.25479 6.73501 -2.41821 0.970429 -1.63176 -2.54481 -0.927239 3.58635 -0.304735 -7.74945 2.1641 -10.2985 -2.32082 3.02136 -2.79975 0.334666
layer: 1 neuron: 37 0.393962 -0.862639 2.70341 -3.10926 -1.7931 -1.53203 -0.990962 5.5566 -0.946539 -0.0780363 -1.02228 -1.88996 5.92642 -1.87029 0.212671 3.72085 -5.51672 -8.20183 -3.28629 -2.04539 1.50289 -6.36787 -3.60449 -10.1606 -0.513488 8.08429 -1.52245 -3.15692 0.0256812 5.81545 -6.28272 -2.2544 -2.03079 4.23109 5.072 0.75689
layer: 1 neuron: 38 3.20397 -0.871715 -1.99252 2.48594 -2.43903 -0.828109 3.00967 4.93486 -4.86682 -0.254405 -3.5357 2.33496 1.16496 7.20391 0.437724 -0.328944 -0.804648 -1.5204 -3.16724 -4.12364 -0.346216 0.412155 0.263861 -1.72588 -7.95133 1.43649 2.31617 -1.65297 -1.18354 4.91595 -3.58902 -3.44715 -0.192476 -6.21052 -4.64928 0.545274
layer: 1 neuron: 39 15.1239 12.0604 16.1982 17.3877 14.2633 12.8379 13.4541 17.1661 15.9087 16.8856 15.0095 16.5434 13.9894 18.6397 13.4989 10.2952 15.4652 15.3652 19.3032 11.4934 13.3846 10.3255 16.4834 21.5217 19.2077 11.0745 15.9934 20.7536 9.31478 15.5453 21.1542 20.6109 15.0238 14.0521 17.8022 0.920713
layer: 1 neuron: 40 -6.91265 2.2934 -0.011058 2.01078 -0.0370683 -0.507726 0.678692 -1.42851 -3.20449 4.46832 3.03191 -8.82276 -2.88683 -3.47647 1.59871 1.69134 -0.385203 -1.17926 -2.09188 -5.06447 -1.0643 1.2371 5.57833 -4.43494 -0.246209 0.835947 2.48119 1.0252 0.812694 -2.02648 -12.4248 -4.82706 0.549807 -1.38668 10.0659 0.355388
layer: 1 neuron: 41 -1.52783 -2.58122 -3.55067 -4.58193 0.0800613 1.8909 -5.31373 -2.64725 6.69075 -1.23459 -1.21648 4.55225 -8.84033 0.329344 5.83457 -4.62963 -4.48241 -8.93691 0.417261 -0.284027 3.30006 -4.11299 10.045 8.192 -7.13397 3.71383 -0.0873912 4.39487 -1.32647 -1.62997 -6.49488 -2.81333 4.04504 3.11178 3.7676 0.520249
layer: 1 neuron: 42 0.838061 -3.08663 -1.4014 6.00847 -5.19688 1.80887 -2.42693 3.22719 -3.39317 3.14837 -0.0802341 -1.03598 -3.37088 -0.379614 1.51897 -1.81538 -6.97595 -3.17419 -5.46877 -4.80322 -2.59399 -1.07343 1.48649 -8.76175 -0.598329 -3.75626 -1.66182 -1.62998 -0.37904 2.50655 -1.04867 -6.3087 2.06777 -6.2363 -1.68684 0.663381
layer: 1 neuron: 43 -4.71608 0.0490607 -1.84883 0.645051 -3.57442 -2.34089 0.834338 -2.75107 2.28585 -2.52823 -2.74927 2.3055 0.927162 5.91114 3.56718 1.5298 0.740536 2.92331 5.17138 -0.452924 1.51031 -1.57778 -0.971051 0.757904 -6.45923 3.01272 -6.72387 -1.75284 -0.0720993 3.09567 0.125814 -4.40499 -6.85599 -0.918456 -4.40226 0.687674
layer: 1 neuron: 44 0.121449 -2.2272 -3.19292 -1.48369 1.30319 3.42177 -3.19449 2.09027 0.939163 0.00613712 -6.18439 -4.79423 3.03065 -2.3303 1.53081 -1.1654 -2.35306 1.97616 4.68477 2.84803 -1.56348 8.04665 -1.56845 -1.1865 -3.08605 -0.662326 4.25018 3.54117 -2.23089 -1.87174 -3.30002 0.30648 -4.98927 1.45547 0.233931 0.653615
layer: 1 neuron: 45 16.1625 19.1723 19.4864 17.4067 14.7324 13.4559 15.0199 17.1852 22.3757 16.9047 15.0285 19.4176 17.9514 18.6587 20.6527 12.1458 15.8354 15.7309 24.7078 15.6479 17.3703 17.6981 16.5024 23.6774 19.2267 11.5264 16.0129 21.2477 11.3047 15.5683 21.5212 20.63 15.7174 14.4219 17.8212 0.939756
layer: 1 neuron: 46 4.42654 5.61134 1.90207 2.13369 0.676538 -1.87137 -3.59038 1.71364 2.39275 -0.893146 -2.15984 -3.5088 -0.267939 -9.51522 -4.74769 -1.06276 -1.98629 -0.933388 1.7081 4.82678 -2.93225 -5.33237 -4.99031 2.65776 0.735008 1.38602 -1.23571 -11.8604 0.915591 -4.9983 -3.73904 1.96252 -0.628571 4.24227 -0.119004 0.128605
layer: 1 neuron: 47 -0.318024 -0.107721 -0.210333 -2.29661 -1.2142 2.06006 1.14211 -6.11679 4.33153 -3.36626 1.07758 5.78297 0.0869735 -1.34894 1.92164 -2.69388 -5.08601 -3.36422 -0.591939 -1.57852 4.90647 0.939339 -0.90843 4.07628 -4.68145 -1.80169 3.77057 -2.68315 -2.85827 0.492267 -7.54635 0.26762 0.192932 -1.86303 1.68317 0.122745
layer: 1 neuron: 48 -4.64615 1.54893 11.9516 4.69442 -2.56612 -6.2246 2.35256 0.254248 -4.60531 -6.27443 1.41951 1.84536 1.2305 4.90495 1.82503 -2.83631 2.35993 0.239073 -1.21949 -3.51098 0.332182 -1.59421 -4.49814 0.254832 -2.4122 -2.7832 7.29643 -5.05619 2.08377 2.20838 -5.96124 -3.19745 -4.17861 -0.72939 -9.56659 0.850124
layer: 1 neuron: 49 -2.48128 -8.54968 1.49118 0.655824 1.23166 1.21188 -1.40649 2.87307 2.34874 -2.47373 0.272075 -0.655418 3.5123 4.03875 8.65433 2.15679 6.34683 -1.14455 -4.39969 1.57702 -0.181802 1.30337 -0.816779 0.552148 5.66155 1.36405 2.57478 -12.1444 -1.27237 5.70461 0.819988 3.18085 -0.923703 2.69278 6.90406 0.86227
layer: 1 neuron: 50 4.73722 -0.234411 0.38035 -0.486186 -4.96936 1.80304 1.32126 5.2996 -0.39857 -1.2531 -2.21521 3.82799 -2.55835 -1.73302 0.0437701 0.138519 -0.8584 2.03032 -2.60878 -3.87497 0.942058 2.12017 -9.91294 -1.67398 0.572108 2.85208 6.24979 -2.49879 -1.96449 5.62986 -0.952808 -1.95096 0.694886 3.82854 4.81921 0.771905
layer: 1 neuron: 51 -3.25307 5.29906 6.69178 0.236451 0.915498 0.845678 -0.750604 -1.77004 -8.02583 -5.20426 6.46182 -2.52084 2.05686 -12.9776 2.08822 -0.558245 -5.41674 -1.33708 3.36331 -0.770927 3.97943 5.58755 -13.8744 -1.57322 -7.71194 5.17657 -17.8243 15.2335 5.46355 3.64948 -3.87866 -5.28079 3.12461 3.07208 7.82972 0.118442
layer: 1 neuron: 52 -0.858217 1.86397 1.34359 -2.52252 0.40186 -1.57819 9.45257 4.8622 1.61233 3.30399 -1.32031 -3.2366 -0.1989 -5.96644 6.17863 1.64221 1.91935 2.63659 4.02735 3.60447 -0.867304 2.46047 -1.53938 4.15879 -0.545504 1.62823 3.67728 7.43227 -1.94507 4.03714 0.947597 -1.15092 -3.90041 0.861925 4.2071 0.611896
layer: 1 neuron: 53 -0.27706 1.12309 -5.43604 -3.02972 -2.83421 0.0227254 -1.1165 -3.57191 2.18425 0.0536656 1.8979 -1.17721 4.24591 -4.3005 3.57918 -1.84656 -3.70681 -3.5568 4.8101 -1.60439 -1.61215 -3.83956 2.10153 -0.113043 -4.23717 2.81913 -2.66775 -6.43857 2.46265 5.88775 -1.89078 -5.54555 1.42918 1.10405 1.04757 0.754448
layer: 1 neuron: 54 0.445724 -0.95912 1.63058 -4.00632 -1.28455 -2.10019 1.46836 -1.87671 0.952231 -1.94437 1.76623 1.06981 0.0666941 -1.78367 0.677987 1.49824 -0.0645356 -1.94556 2.76749 -1.21508 4.81584 -1.48773 -0.696007 -0.288245 -0.51687 0.0632346 3.06445 -1.20614 -0.105913 -1.23161 -0.50014 -2.8276 5.66725 1.07957 -2.98039 0.291543
layer: 1 neuron: 55 4.13301 -2.47801 -2.54861 -1.82632 2.58449 -6.02552 -3.69552 -1.72938 3.29683 1.66875 -5.58895 -2.01125 -0.933264 -5.81515 -3.50199 0.698305 1.06929 -1.68491 -2.14135 -3.99295 -3.58038 -0.599445 0.159323 -1.1499 -1.77874 -1.98642 -0.234974 -4.85788 4.81144 -3.30851 1.51247 -0.474466 0.0624121 3.24176 -2.66885 0.785333
layer: 1 neuron: 56 -5.71381 -3.81744 -4.64855 2.16531 3.16373 0.760379 -3.9077 3.3668 -0.0175839 -2.11164 9.03765 3.25616 -2.92664 -3.01499 -5.35918 4.56325 6.17088 -3.01421 -3.59309 -1.1298 -7.43388 -2.18706 -5.87315 -12.674 -0.283674 -5.75852 5.24669 -1.28171 2.50518 -10.957 -7.74258 -10.4644 -4.01874 -1.21013 -5.81705 0.49028
layer: 1 neuron: 57 4.37846 -0.325987 3.25907 0.744496 1.74816 -4.84507 0.289335 0.909586 -2.25305 -3.49156 -3.64146 0.759206 4.13785 3.1472 -0.964337 -2.5976 1.90876 -0.582954 0.668645 2.29617 -2.65415 2.7999 0.910624 -3.08457 -0.824942 -2.57885 0.321195 -8.83682 3.16233 4.83282 0.591009 5.15399 2.03833 1.8124 8.89523 0.812128
layer: 1 neuron: 58 -5.36023 4.0676 -2.38756 -6.58661 3.82061 -5.49027 5.09291 -2.4571 2.34909 5.35812 7.03593 5.46988 -9.24959 -2.35717 5.65899 5.339 8.80326 -1.75859 -1.78144 -6.64541 -0.128744 -4.25211 2.26892 1.9086 6.48675 0.423566 4.28475 4.21444 3.66902 6.97752 1.55975 -1.81659 1.64145 -6.00482 -10.7345 0.0497452
layer: 1 neuron: 59 -0.772292 -4.22459 -3.67129 -2.62111 -1.95319 2.64425 1.16098 -4.83988 3.19053 -4.59427 5.56576 -1.31797 -5.38126 -4.17332 8.02624 2.78247 -12.1005 5.88598 3.13937 -0.0886485 -0.270368 -2.61544 2.8932 5.07481 -2.17484 5.56059 -13.8178 -6.36655 -1.74686 7.24927 0.280133 -0.984763 3.9867 -2.17274 1.70155 0.687735
layer: 1 neuron: 60 -15.8909 -18.5647 -19.2147 -16.9851 -14.4608 -12.5123 -14.4123 -16.5775 -22.1041 -16.2971 -14.7587 -19.1459 -17.3438 -18.0511 -20.0451 -11.5381 -15.6639 -15.1232 -24.1002 -15.3763 -17.0987 -17.0909 -15.8948 -23.4057 -18.6191 -11.1724 -15.7413 -20.9761 -10.6971 -15.2967 -20.9136 -20.0224 -15.4458 -14.1523 -17.2135 0.339824
