topology: 58 60 36
layer: 0 neuron: 0 785.749 -126.322 395.871 -910.81 364.996 397.023 618.34 -329.101 420.789 -119.497 527.961 155.392 -917.706 -212.068 -1206.88 -198.601 599.03 359.1 478.365 895.983 -489.801 116.647 -31.1224 138.857 -173.216 328.504 4.08674 -572.802 -828.405 176.244 -259.778 -160.433 115.37 -381.62 -1104.99 405.793 100.8 162.848 305.339 -40.2181 384.605 627.41 420.294 -971.089 159.687 -291.486 -46.6966 -423.613 -364.313 -252.467 -148.757 -931.08 -880.579 -72.2328 -1171.04 -57.2025 -337.274 -107.771 337.567 90.8707
layer: 0 neuron: 1 233.747 366.621 429.864 -500.666 62.654 387.613 292.528 258.027 112.252 634.468 737.484 -915.798 -482.667 -66.0061 -433.404 141.043 -293.166 -140.395 429.589 574.517 87.001 171.069 114.703 -46.5411 -30.255 567.315 169.266 -72.2685 -317.484 109.635 83.0417 540.889 412.44 457.392 254.566 -102.949 -330.218 -88.9166 21.5498 343.104 192.034 189.881 335.008 -76.1694 -721.451 -265.041 682.549 -306.795 389.779 -276.829 12.217 -561.81 -568.693 125.885 117.784 194.946 -79.8234 524.293 568.85 549.508
layer: 0 neuron: 2 -79.7907 198.827 156.547 -421.462 -115.247 -144.318 169.616 -375.109 14.8105 347.986 749.348 -576.029 -430.039 -350.352 -448.656 213.215 -123.646 -102.412 172.582 -718.614 -195.544 -170.451 -41.5458 -101.686 158.903 -400.555 -382.945 -45.7119 379.131 315.451 -254.116 241.548 132.07 -60.6873 63.0964 -239.493 -196.76 455.36 -9.32524 -326.362 -6.49705 -642.934 -165.673 333.156 815.028 -60.2782 7.61332 -173.821 291.036 -464.177 759.213 192.528 -438.546 -149.571 -682.905 56.2253 -262.701 -92.5635 -238.474 120.823
layer: 0 neuron: 3 122.059 -89.714 294.323 -542.54 -138.358 35.498 444.845 -100.22 212.339 -152.672 522.744 -98.4566 -505.436 -107.372 -519.803 -142.602 -81.2737 91.5276 -214.339 -579.6 87.857 -50.2123 -174.001 110.318 186.053 55.841 -912.443 195.368 253.961 690.363 -87.4513 -38.5792 117.95 -154.079 -455.356 94.2327 -78.2629 -78.1406 -81.7295 -385.051 -475.109 -241.908 25.8785 565.957 631.452 206.879 -289.208 -318.473 138.541 -92.8647 35.1025 -497.4 -553.726 91.1571 210.18 -228.012 -22.3434 -42.9191 -124.035 -405.539
layer: 0 neuron: 4 -517.823 92.0897 264.183 -658.816 194.027 192.333 357.742 -377.154 349.887 -639.291 -166.255 -272.962 -666.362 12.1274 -592.386 419.487 388.201 -191.977 -198.413 -507.325 127.275 99.0297 87.101 -359.11 -453.371 30.3141 -569.951 418.284 276.415 -213.008 -17.7002 526.55 -347.906 -6.232 226.849 -76.2812 -352.154 -336.912 -51.6805 401.997 -652.123 671.401 -165.538 -137.758 -697.529 637.43 -272.404 544.987 -124.434 240.665 -33.1391 209.715 -681.206 83.4351 -416.682 205.883 109.107 -589.885 413.103 189.772
layer: 0 neuron: 5 -382.082 -224.873 -356.198 957.399 -221.243 -596.449 -630.292 90.0747 -20.9859 -17.608 302.516 -26.5591 966.774 -343.849 1040.3 221.017 -346.693 -221.972 186.679 -109.055 -52.6107 102.688 74.9834 313.913 -20.7405 -175.11 -146.327 -148.906 -904.172 -503.906 -102.467 231.504 -159.258 697.337 438.82 -135.797 -91.2592 -353.671 -158.076 -145.356 46.233 306.286 -144.803 223.782 -148.434 -129.719 217.621 -204.627 29.5283 25.5263 7.02764 384.969 896.1 -197.445 1083.84 130.64 -24.1632 44.7362 56.584 80.817
layer: 0 neuron: 6 214.003 -25.9891 240.934 -677.396 80.0944 469.658 186.611 -75.4051 -46.3786 330.54 -233.384 554.706 -729.802 368.896 -641.248 -137.585 76.6341 -281.815 -352.707 518.661 -38.8335 250.241 -31.8585 -201.66 -35.2762 -225.002 591.167 281.201 396.216 139.098 284.234 -138.275 309.025 -523.146 302.836 -17.122 437.128 877.699 501.002 474.359 236.405 186.36 173.362 64.9959 239.621 99.2532 2.20001 98.0488 156.096 390.565 64.1441 1008.75 -710.827 230.24 -1069.56 -9.2641 4.46215 169.111 -73.3332 455.971
layer: 0 neuron: 7 391.881 -17.7487 488.874 -678.144 -163.003 -82.597 44.0756 -182.504 -418.157 196.69 -419.737 2.59262 -621.137 -302.476 -639.905 -135.612 182.267 -185.933 -125.7 444.277 -7.25409 -263.147 -242.742 -170.279 68.8992 -163.021 249.14 137.056 -889.576 188.642 294.242 392.752 271.506 271.433 32.0987 46.01 125.643 243.411 -17.2941 215.632 128.734 34.5549 -128.257 -194.9 -320.598 280.028 -25.6608 -316.815 -80.4978 343.584 336.488 267.017 -556.766 -122.604 148.074 -467.988 -209.689 -168.428 -185.622 -29.78
layer: 0 neuron: 8 -45.315 19.3145 483.618 -1019.93 -300.412 177.022 -36.6794 273.518 -37.5761 230.74 -125.574 -400.787 -952.659 351.585 -860.401 205.64 -48.076 -340.048 -41.4086 -616.257 140.293 -253.742 182.33 -75.0355 -173.954 -186.844 -106.237 259.475 -147.246 84.1132 276.837 95.5258 186.616 655.437 354.41 -81.2302 20.6401 -22.6195 -104.543 201.31 -261.282 -406.663 -258.77 326.156 421.299 593.25 463.266 -106.292 414.902 99.7464 495.269 -297.634 -993.819 234.737 -15.8448 28.0012 180.383 -238.877 325.671 -1.38461
layer: 0 neuron: 9 -171.617 -133.933 365.365 -624.838 -81.244 509.785 -149.193 252.324 578.186 454.949 270.241 526.216 -593.837 267.207 -430.295 409.646 18.0179 -247.47 151.767 -322.819 -72.5364 -187.082 197.323 138.288 -675.786 -84.2251 390.99 39.1391 142.13 -433.464 -130.693 63.2198 -195.623 -200.957 236.156 -292.775 200.615 -167.764 -154.121 223.72 24.2486 50.5517 -445.579 119.848 801.862 527.977 604.746 219.947 -31.1143 -21.5227 349.116 -84.8142 -734.503 194.814 -154.305 311.439 354.57 -250.437 319.476 -225.084
layer: 0 neuron: 10 100.405 235.37 282.851 -105.584 -82.8332 54.3911 529.172 -354.364 247.98 -233.861 -298.53 592.753 -114.623 177.449 -71.5442 -69.3975 91.0822 369.806 -459.422 -310.27 -321.667 -31.3543 50.4555 262.81 383.987 -284.611 8.72747 -460.847 753.272 -103.373 -146.456 -98.0144 -149.532 -1121.91 346.055 116.416 868.168 102.365 -95.3931 -18.0921 -30.6906 299.267 69.2639 -8.18328 86.9945 -68.0549 -130.337 112.865 -147.129 366.409 -160.778 671.446 -248.618 -285.004 -949.015 169.684 -89.6238 75.0296 10.0038 443.071
layer: 0 neuron: 11 -179.978 246.168 -175.472 -444.52 -21.2159 72.0883 867.219 -365.048 206.469 -372.354 -161.896 -69.4228 -464.655 292.365 -521.017 86.9222 312.343 314.667 3.55071 -326.915 -202.212 246.023 123.478 -45.2435 290.986 26.7583 -481.211 -418.425 801.5 -231.9 -8.16484 -28.7893 -248.159 -529.256 76.3221 296.929 262.106 -112.71 128.6 3.20234 -70.201 136.254 315.368 -56.1933 -59.0721 -176.988 -139.067 290.37 -148.729 79.0494 -281.843 -154.132 -591.1 252.579 -746.668 142.858 -151.033 -82.1425 237.165 361.824
layer: 0 neuron: 12 -159.44 -10.5892 -464.433 -129.43 82.7084 -191.895 222.532 -404.299 312.298 -346.892 943.587 -113.229 -193.366 -402.559 -303.59 -126.232 -148.547 -65.6403 -115.768 199.455 -115.226 603.785 41.0139 -91.702 -43.8641 57.5075 -1117.05 -194.313 -430.328 185.049 -343.422 -424.545 207.215 -97.9704 -400.471 75.8466 -151.548 137.504 473.947 -280.274 -251.678 390.047 580.928 27.0177 163.667 -778.046 -435.798 -97.8625 137.764 -233.755 -363.905 -137.349 -180.815 -149.891 -173.115 56.8658 -238.124 230.255 284.382 97.7102
layer: 0 neuron: 13 51.5265 -114.742 -127.997 -309.494 458.317 16.6598 0.0367233 -422.995 347.104 89.8648 576.018 -54.1572 -355.151 -614.625 -439.693 148.037 -60.4634 230.057 43.4443 128.839 -57.1105 181.904 32.3977 -250.535 -182.847 135.108 -741.963 -107.397 -653.918 -45.4786 -376.614 -120.072 309.887 4.54822 -392.103 -13.9139 -77.6603 393.558 265.541 -258.903 9.31694 122.123 0.919915 -88.245 347.127 -41.0601 -108.119 447.491 -223.934 -84.2786 -334.215 -145.232 -308.993 -301.909 -262.992 313.002 31.7583 128.853 -75.9808 -464.849
layer: 0 neuron: 14 -26.3734 94.6798 135.396 -126.586 -99.2623 -156.105 55.7428 79.0232 -110.948 1.28856 -77.5522 -163.743 -131.904 91.3429 -83.6502 -3.53545 29.3379 -13.9997 -55.1316 85.8234 38.1437 -59.9878 -36.9676 60.6957 351.047 -27.9203 26.5484 112.729 240.799 39.6856 183.531 255.972 2.98273 62.8897 99.5289 71.2109 -47.978 -20.9736 -63.7879 8.56626 221.679 -5.05164 -43.8445 155.863 -253.805 110.699 -142.072 -201.05 -26.1249 23.2885 -6.8154 253.708 -153.244 -15.4825 -63.4221 -217.111 -83.8531 38.4873 -229.429 149.485
layer: 0 neuron: 15 50.1575 20.4826 -109.101 -169.49 -126.478 -88.9654 -160.021 182.406 -72.235 -62.3724 188.566 123.327 -168.282 6.18449 -129.925 54.2638 -127.173 35.2666 40.2585 16.7936 99.6151 58.4679 -103.208 98.5792 148.083 -46.5436 294.77 -23.4748 40.4861 -118.673 -15.8256 260.065 -19.669 131.414 238.043 -0.740169 -62.4775 8.54201 -131.546 71.2841 65.9807 25.6493 -10.3094 308.666 -141.59 36.6506 46.2016 -328.278 62.2828 -94.1206 31.3738 205.115 -150.703 -57.7333 57.471 -31.391 -20.0825 -8.73587 -70.483 77.0335
layer: 0 neuron: 16 -462.726 -151.387 -311.193 94.9359 -286.875 -78.4479 6.12596 120.726 -285.213 87.5387 -377.259 -126.066 81.1696 97.9072 222.106 -19.4141 -38.9692 -218.838 -362.44 55.2441 11.0599 -516.802 -391.683 -50.5828 136.24 -54.7011 140.429 323.892 849.805 243.525 565.105 133.077 -408.096 -391.221 169.44 -72.3861 68.547 -331.265 -68.807 -106.547 203.337 -761.398 -226.055 300.612 -318.085 -400.773 121.363 86.4038 -256.884 -194.349 -125.034 631.165 97.2666 73.2241 246.907 -150.706 100.911 434.969 -656.064 357.428
layer: 0 neuron: 17 57.8866 106.587 161.879 748.553 -123.61 265.3 86.2616 65.2977 85.6479 91.7437 -86.5094 -311.597 722.967 27.6882 893.448 -6.8628 -79.7178 -171.773 42.7355 32.9387 59.8577 -24.2252 9.17949 42.6793 -188.181 85.7047 238.836 12.2702 -64.2117 242.476 135.83 -52.4312 55.6426 -132.453 182.34 -112.543 -21.9391 -79.4709 44.7908 256.907 -153.434 -55.2876 108.072 -93.1978 -322.187 -76.4347 329.72 -5.38182 222.764 15.858 119.777 -253.569 748.915 71.1387 336.269 84.7995 38.6133 94.9359 335.402 223.368
layer: 0 neuron: 18 -11.1832 -27.0445 75.0017 738.703 -122.47 -93.9734 -55.3295 57.686 79.6322 34.2825 176.496 -123.621 710.513 -73.9678 848.111 20.9435 -5.74901 -116.469 -10.2042 35.2986 -8.32157 -148.498 -113.407 218.213 -1.60461 -81.3921 95.0099 132.63 -66.7225 3.10323 55.7348 122.263 -8.06439 23.6668 -11.9997 49.4022 -160.668 -101.778 -57.5298 -10.6249 36.3531 90.9472 -25.75 53.3773 -152.822 85.6668 -51.922 -247.687 -40.6503 -93.0336 16.9005 86.2786 702.263 -72.5177 537.067 -124.583 -25.4099 -41.7919 -79.2807 18.6566
layer: 0 neuron: 19 -133.626 -14.0161 -46.9099 738.321 -49.8981 -50.7872 -156.273 94.6781 117.138 179.39 123.757 -129.941 708.176 -33.6989 857.244 97.9791 -29.6587 -127.557 72.0964 22.7155 -15.9078 -51.0761 1.95495 208.143 -30.9561 -43.2211 128.738 111.739 -146.135 -164.51 23.4864 105.8 -67.7647 19.3597 7.57796 -40.061 -150.989 -98.7379 -16.3406 3.01676 121.539 3.54672 -78.9222 10.183 -105.532 26.4152 -31.97 -119.608 -13.8259 -111.879 25.5191 92.2589 702.245 0.312908 384.493 -21.4499 -11.816 27.1136 -49.9584 -4.85567
layer: 0 neuron: 20 -116.718 10.1426 30.0052 689.825 -34.1207 13.2425 -59.4083 45.506 138.122 100.425 121.274 -154.395 658.205 -33.3661 814.023 83.4283 -30.9093 -167.074 41.4078 9.52762 -3.84699 37.5877 14.9185 203.544 -70.0013 -78.3401 63.356 119.091 -189.01 -143.171 38.6496 185.934 -59.0229 41.6473 55.0561 -60.3257 -142.953 -129.11 11.371 139.08 52.8773 143.391 -31.9096 4.44398 -281.061 72.8398 23.5482 -73.3087 12.9738 -28.7193 -13.8815 119.273 654.563 -13.6812 296.291 -54.5881 23.4876 -24.1777 98.1944 73.4209
layer: 0 neuron: 21 -15.3441 7.58101 30.6631 733.384 -66.1325 28.3458 -70.3924 33.3088 120.283 -9.45547 -13.6366 -81.7681 700.899 -12.5288 852.855 29.4255 -19.465 -16.7686 -39.1208 24.7199 27.3149 -47.634 -12.1391 169.989 -62.7671 -65.8593 184.635 60.9041 -55.4054 30.4034 70.1511 1.14387 -25.1201 -73.0029 30.3054 -9.9937 -92.7976 -82.9074 -20.0197 64.3579 39.8588 24.8962 -37.3605 -7.1476 -151.401 28.2099 33.4962 -55.2468 6.04102 -55.8248 28.5788 53.1447 701.279 -82.8477 299.031 -42.7647 44.5109 13.2181 46.6696 -17.1469
layer: 0 neuron: 22 -39.0097 -31.9978 28.198 700.449 -75.3695 44.1 -36.7545 47.126 110.635 33.3225 -43.6244 -78.3134 667.664 8.99105 827.136 6.13123 -7.39811 -37.2891 -52.4134 14.1266 7.13493 -105.901 -14.0332 134.51 -63.9839 -64.2917 181.07 70.0144 122.527 19.9206 96.8301 -59.4011 -37.9394 -123.448 -18.3577 -8.28678 -83.1257 -108.754 -23.2381 22.3645 74.1033 -51.0618 -45.7522 -4.94108 -80.7249 16.3071 42.1314 -26.853 -30.6751 -75.6841 -5.77435 12.7019 658.905 -33.6268 286.019 -61.3974 65.3582 38.9863 -27.3088 -57.7554
layer: 0 neuron: 23 -228.11 24.7473 -174.488 -58.5708 17.2237 67.0952 -382.338 347.262 278.952 4.13151 -102.804 231.392 -47.468 247.144 75.9679 164.766 -159.326 202.554 -34.2163 -162.747 255.767 14.2344 307.752 108.888 -171.707 105.599 10.0207 -52.1662 -50.4565 272.712 20.8807 -501.711 -11.4438 62.0467 -83.7894 -36.9666 22.9449 -135.959 59.0147 -356.667 -22.7779 -397.936 -186.83 252.145 737.789 -100.291 89.9151 296.471 134.038 -73.3317 216.243 -484.308 -20.6809 19.7594 258.847 327.496 165.208 221.438 154.961 -592.408
layer: 0 neuron: 24 106.53 -51.1609 -38.2732 898.083 -14.7079 132.187 -16.1412 -72.8652 261.211 -54.662 -15.7677 125.916 867.961 -21.84 985.951 -1.23564 98.4919 59.3569 41.5681 -111.286 -14.7108 -33.3745 3.3367 207.281 -239.611 -15.1904 78.8442 -64.4629 -374.187 52.7293 -110.959 -297.228 -0.796565 -193.697 -175.253 22.5015 50.2735 20.0593 53.5153 -40.6858 -153.943 27.5947 -38.5497 -158.041 245.456 6.10901 -18.5748 9.69582 34.0796 2.93439 133.174 -302.078 913.814 -86.2321 381.135 92.401 9.52719 -103.839 184.533 -190.297
layer: 0 neuron: 25 234.765 77.8768 216.281 764.006 -18.1013 132.069 119.333 19.4539 284.486 5.64965 196.13 11.1309 736.829 50.1424 850.269 -22.7686 48.949 140.173 22.3026 -74.9734 17.2054 73.2641 101.675 259.636 -26.1997 -15.9347 -25.4923 -72.8198 -233.182 263.26 -41.1131 -247.333 232.084 -135.549 -172.567 140.711 44.5014 157.184 139.648 -46.0669 -55.0112 11.3055 78.8501 1.73527 430.569 129.744 -34.1728 -130.462 156.419 -4.65053 213.688 -374.118 762.443 -9.63011 363.305 19.5284 -5.62346 -58.7408 211.47 -217.834
layer: 0 neuron: 26 63.951 92.948 22.817 864.96 -111.69 99.4187 16.6116 77.3392 153.861 -93.1966 -77.5133 250.592 834.569 130.494 996.935 -85.8726 7.74984 83.1988 -164.635 -4.54163 9.64294 75.4812 60.462 255.157 74.1509 -91.7547 205.728 -54.0686 30.3078 201.361 53.6849 -258.626 69.0992 -373.805 0.416713 58.4439 179.16 27.4294 76.6647 33.085 23.3737 -29.6315 62.8425 38.276 207.293 -45.1653 -103.602 -84.3179 97.3785 78.1048 126.146 24.375 855.493 -29.0946 329.125 -59.4052 -6.57082 11.6061 78.7177 -104.464
layer: 0 neuron: 27 47.0997 6.51366 54.0779 911.833 -113.269 82.0788 -40.0721 61.7592 81.7468 -126.08 -144.925 139.721 880.313 81.5373 1044.21 -87.7682 37.3815 37.5696 -120.008 16.3444 1.20469 -24.5865 19.824 212.965 3.04896 -82.0403 285.359 7.8136 110.888 207.581 108.336 -195.774 43.1673 -266.681 -10.3015 39.2659 68.1457 -56.607 2.18268 82.1587 39.019 -11.8985 41.2356 -17.0223 100.553 -3.02348 -38.569 -85.6499 60.7216 33.5668 94.3568 -22.3874 889.93 -27.4203 400.919 -123.672 19.9822 -1.15112 59.3049 -60.7567
layer: 0 neuron: 28 -58.6706 -42.9691 -5.08592 793.498 -10.6226 102.118 -68.5489 12.1852 145.823 -77.5321 -199.119 18.0416 760.704 3.72432 923.631 28.2016 113.642 20.99 -37.1281 -13.1125 -11.6497 -84.5709 18.3314 136.082 -187.989 -15.788 235.897 42.1826 53.1339 43.2811 74.6364 -130.558 -78.5091 -211.725 -92.6372 3.51687 -84.4271 -118.754 10.1294 77.4841 -26.4154 -4.73482 -47.9535 -154.075 -27.6764 36.9552 -7.1929 110.937 -68.726 -31.9948 21.8116 -112.878 765.723 -5.07291 358.97 -1.35898 80.4172 -47.9494 60.8847 -129.249
layer: 0 neuron: 29 -38.0809 6.01053 5.54946 715.207 -48.145 56.8603 -17.9831 35.811 113.283 -25.8049 -108.784 -78.1572 683.494 49.9666 847.58 5.59157 23.1965 16.5029 -91.23 -55.4258 16.7994 -55.1023 16.4986 123.216 -60.4392 -35.6381 112.178 28.7457 141.336 61.9135 108.701 -97.2097 -43.7003 -139.48 3.06301 28.8396 -63.8527 -69.5704 3.5769 35.6538 -40.7393 -61.0789 -17.2363 -15.5342 -90.1054 32.3644 -3.48665 41.931 -0.548457 -27.8314 -7.24268 -34.9803 685.215 -6.32633 238.833 28.8877 77.531 -0.446986 54.2948 -22.7565
layer: 0 neuron: 30 -73.9416 102.901 -112.865 797.056 -146.79 -196.339 -92.2024 46.7997 66.4213 -38.9104 -44.2849 -119.093 790.144 -16.0784 948.29 12.8473 -121.631 -3.74914 -80.9925 -82.7703 5.26977 154.043 26.9979 304.883 179.8 -42.754 -39.7735 -50.0801 -170.862 -84.4841 1.22411 117.974 -109.864 -47.3119 259.356 -11.0035 72.9993 -66.8802 -40.9955 53.4764 -68.0956 44.3037 -53.9682 105.316 -361.448 -25.1715 -66.1375 -154.912 89.4904 71.9605 50.9743 300.018 705.147 -153.686 370.486 37.6202 -43.8182 18.4216 87.8072 170.31
layer: 0 neuron: 31 8.82084 77.1552 -21.0983 460.36 -143.584 -125.248 -59.2605 139.103 58.1571 -73.974 -98.5543 -57.6002 495.438 -35.7797 635.329 14.3257 -57.6537 12.1575 -92.1253 -32.2033 30.4212 62.74 55.5393 327.93 104.335 1.12937 48.5597 -84.2959 -144.05 20.0322 79.07 53.7906 -31.9806 -127.798 176.284 55.8434 29.5769 -128.057 -58.6678 94.3004 -47.4217 75.9342 -39.4378 24.2601 -329.23 4.39657 -33.3785 -129.362 83.9269 67.6867 56.566 94.1833 239.577 -132.102 617.656 -33.4583 -19.2353 19.1515 134.939 60.8061
layer: 0 neuron: 32 3.79604 100.26 50.0759 -202.554 -128.058 -51.63 93.11 69.6631 106.18 -58.6603 -124.886 -89.6353 -140.506 12.3595 -43.3428 -2.384 5.95179 5.86811 -142.274 -7.94365 -7.24051 11.8406 69.8532 265.868 103.859 -38.1595 6.84952 -67.2384 49.4879 -45.5451 97.8628 89.2718 -50.5552 -226.469 105.722 57.2651 39.2514 -164.286 -59.9117 147.14 22.3815 102.214 -1.27573 -18.3655 -351.491 -0.422534 -38.609 -75.7083 16.572 83.5455 -36.1037 116.568 -554.061 -112.433 306.86 -88.2049 -18.0639 29.3992 105.182 84.9244
layer: 0 neuron: 33 -71.943 -19.7911 121.149 119.595 -187.935 -150.246 -35.8242 87.4297 100.792 -141.124 -14.3399 -182.23 197.403 -11.7479 307.002 5.76284 -67.7877 -50.7073 -148.406 -210.492 36.1215 -205.727 37.5728 274.384 -5.13858 -89.3657 44.2014 -2.31517 419.795 177.545 145.047 -27.1507 -41.9629 -159.794 92.7227 29.2927 -94.2462 -275.298 -152.085 13.9442 -49.0949 -42.4946 -25.657 70.4169 -192.805 62.5409 42.1354 -102.902 76.6364 -65.3328 73.4575 7.7507 -332.42 -88.3492 595.078 -92.0892 71.2272 32.8775 57.9343 134.137
layer: 0 neuron: 34 -65.216 59.8119 131.305 -614.366 -154.966 -79.6958 2.63074 44.8258 161.183 -5.46122 62.2191 -303.737 -510.938 -32.9328 -439.092 32.8027 -100.223 -98.7321 -60.9438 -181.83 4.74868 -134.744 64.6598 226.26 -20.6352 -109.416 2.77592 -30.0233 273.473 52.7412 63.75 72.4637 -74.8325 -128.486 117.65 -56.5292 -97.8613 -223.562 -102.393 25.803 -7.99425 -65.7627 -60.1995 32.9563 -301.386 24.8893 118.063 -91.4267 65.312 -100.147 100.054 26.0252 -1134.05 -95.3415 135.686 -29.7831 33.4175 28.0772 76.5431 136.786
layer: 0 neuron: 35 -23.0573 29.5088 122.586 -1186.81 -108.66 79.5953 32.0986 88.0653 218.33 105.046 -37.3041 -153.873 -1047.94 -49.8992 -1002.32 44.816 -55.6878 -120.093 -78.2795 -67.4436 -8.84075 -119.61 91.7735 221.431 -122.604 -120.049 63.858 -25.2888 114.254 -71.0108 51.4334 35.56 -64.0707 -293.915 20.6759 -79.9085 -48.5771 -224.788 -66.4023 123.194 73.212 -30.8839 -92.6902 -72.8722 -232.096 12.7328 133.465 -10.7822 12.1898 -60.4597 34.4777 -23.1193 -1836.69 -75.8557 122.054 -83.6179 46.7712 33.2876 87.849 -62.2045
layer: 0 neuron: 36 -87.3039 77.955 158.857 -1734.42 -124.682 108.541 187.499 47.2647 264.392 7.27613 -130.636 -92.3864 -1566.9 96.0394 -1543 2.42654 39.8771 -87.5783 -250.708 -126.341 -14.8876 -198.247 108.159 188.228 -63.8247 -178.307 -34.1075 -16.8045 427.089 -10.7821 137.082 -12.8653 -82.8953 -482.054 -30.3235 5.87755 54.7735 -246.856 -47.1665 120.234 75.5645 -52.1447 -64.771 -42.206 -244.515 30.9523 29.9041 85.6225 -46.1917 7.80932 -37.5945 24.4598 -2506.61 -57.8828 -117.816 -111.815 78.0143 57.0331 48.9732 40.4407
layer: 0 neuron: 37 -74.2327 102.61 -113.156 796.765 -147.081 -196.63 -92.4935 46.5085 66.1302 -39.2016 -44.5761 -119.384 789.853 -16.3696 947.999 12.5561 -121.922 -4.04029 -81.2837 -83.0615 4.97862 153.752 26.7067 304.592 179.509 -43.0452 -40.0646 -50.3712 -171.153 -84.7752 0.932968 117.683 -110.156 -47.6031 259.065 -11.2947 72.7082 -67.1713 -41.2867 53.1852 -68.3868 44.0125 -54.2593 105.025 -361.74 -25.4626 -66.4287 -155.203 89.1993 71.6694 50.6832 299.727 704.855 -153.977 370.195 37.3291 -44.1093 18.1305 87.516 170.018
layer: 0 neuron: 38 8.62674 76.9611 -21.2924 460.166 -143.778 -125.442 -59.4546 138.909 57.963 -74.1681 -98.7484 -57.7943 495.244 -35.9738 635.135 14.1316 -57.8478 11.9634 -92.3194 -32.3974 30.2271 62.5459 55.3452 327.736 104.141 0.935267 48.3656 -84.49 -144.244 19.8381 78.8759 53.5965 -32.1747 -127.992 176.09 55.6493 29.3828 -128.252 -58.8619 94.1063 -47.6158 75.7401 -39.6319 24.066 -329.424 4.20248 -33.5726 -129.556 83.7328 67.4926 56.3719 93.9892 239.383 -132.297 617.461 -33.6524 -19.4294 18.9574 134.745 60.612
layer: 0 neuron: 39 3.19061 99.6551 49.4704 -203.16 -128.664 -52.2354 92.5046 69.0577 105.574 -59.2658 -125.492 -90.2407 -141.112 11.7541 -43.9482 -2.98942 5.34637 5.26268 -142.88 -8.54907 -7.84594 11.2351 69.2478 265.262 103.254 -38.7649 6.2441 -67.8438 48.8825 -46.1506 97.2573 88.6664 -51.1606 -227.075 105.117 56.6596 38.646 -164.891 -60.5171 146.535 21.7761 101.609 -1.88115 -18.971 -352.096 -1.02796 -39.2145 -76.3137 15.9666 82.9401 -36.7092 115.963 -554.666 -113.038 306.254 -88.8103 -18.6693 28.7938 104.577 84.319
layer: 0 neuron: 40 -71.8934 -19.7416 121.198 119.645 -187.885 -150.197 -35.7746 87.4792 100.841 -141.074 -14.2904 -182.18 197.453 -11.6984 307.051 5.81237 -67.7381 -50.6578 -148.356 -210.443 36.171 -205.678 37.6224 274.433 -5.08905 -89.3162 44.2509 -2.26564 419.844 177.595 145.096 -27.1011 -41.9134 -159.744 92.7722 29.3422 -94.1967 -275.248 -152.036 13.9937 -49.0454 -42.445 -25.6075 70.4665 -192.755 62.5904 42.1849 -102.852 76.6859 -65.2832 73.5071 7.80023 -332.37 -88.2997 595.128 -92.0397 71.2767 32.9271 57.9839 134.186
layer: 0 neuron: 41 -65.5759 59.452 130.945 -614.726 -155.326 -80.0557 2.27087 44.4659 160.823 -5.8211 61.8592 -304.097 -511.298 -33.2927 -439.452 32.4428 -100.583 -99.092 -61.3036 -182.19 4.3888 -135.104 64.2999 225.9 -20.995 -109.776 2.41605 -30.3831 273.113 52.3813 63.3901 72.1038 -75.1923 -128.845 117.29 -56.8891 -98.2211 -223.922 -102.753 25.4431 -8.35412 -66.1226 -60.5594 32.5964 -301.746 24.5294 117.703 -91.7866 64.9522 -100.507 99.6938 25.6653 -1134.41 -95.7014 135.326 -30.143 33.0577 27.7174 76.1833 136.426
layer: 0 neuron: 42 -22.3102 30.2559 123.333 -1186.06 -107.913 80.3424 32.8457 88.8124 219.077 105.793 -36.557 -153.126 -1047.19 -49.1521 -1001.57 45.5632 -54.9406 -119.346 -77.5324 -66.6965 -8.09362 -118.863 92.5206 222.178 -121.857 -119.302 64.6051 -24.5417 115.001 -70.2637 52.1806 36.3071 -63.3236 -293.168 21.423 -79.1614 -47.8299 -224.041 -65.6552 123.941 73.9591 -30.1368 -91.9431 -72.1251 -231.349 13.4799 134.213 -10.035 12.937 -59.7125 35.2248 -22.3722 -1835.94 -75.1085 122.801 -82.8708 47.5183 34.0347 88.5962 -61.4574
layer: 0 neuron: 43 -88.1489 77.11 158.012 -1735.26 -125.527 107.696 186.654 46.4196 263.547 6.4311 -131.481 -93.2314 -1567.74 95.1944 -1543.84 1.58152 39.0321 -88.4233 -251.553 -127.186 -15.7326 -199.092 107.314 187.383 -64.6697 -179.153 -34.9525 -17.6495 426.244 -11.6271 136.237 -13.7103 -83.7403 -482.899 -31.1685 5.03253 53.9285 -247.701 -48.0116 119.388 74.7195 -52.9897 -65.6161 -43.0511 -245.36 30.1072 29.059 84.7775 -47.0368 6.96429 -38.4395 23.6148 -2507.46 -58.7278 -118.661 -112.66 77.1692 56.1881 48.1282 39.5956
layer: 0 neuron: 44 41.7766 19.5378 -8.45746 -801.31 70.7043 -56.075 46.7026 -69.5462 -104.647 -38.533 43.5037 88.2407 -765.968 -24.7056 -941.059 -5.65171 12.2075 59.1156 45.7516 -7.30536 -15.6337 66.2962 7.74479 -160.846 65.152 54.6214 -195.083 -79.1184 -86.4118 1.00011 -101.23 31.9581 40.6798 120.711 -2.591 7.63465 82.1539 98.0072 4.55265 -67.0879 -51.5179 35.902 26.4341 10.6695 121.765 -23.8486 -31.8534 33.3003 2.95354 62.0183 6.22397 -23.3132 -757.241 12.7867 -321.583 45.7086 -57.7486 -25.2463 -5.83939 19.6686
layer: 0 neuron: 45 41.923 19.6841 -8.31112 -801.164 70.8506 -55.9286 46.8489 -69.3999 -104.501 -38.3866 43.65 88.387 -765.822 -24.5592 -940.913 -5.50537 12.3538 59.2619 45.8979 -7.15902 -15.4874 66.4425 7.89113 -160.7 65.2983 54.7677 -194.937 -78.9721 -86.2654 1.14645 -101.083 32.1044 40.8262 120.858 -2.44466 7.78098 82.3002 98.1535 4.69899 -66.9416 -51.3716 36.0484 26.5804 10.8158 121.911 -23.7023 -31.707 33.4466 3.09988 62.1647 6.3703 -23.1669 -757.095 12.9331 -321.437 45.8549 -57.6022 -25.1 -5.69306 19.815
layer: 0 neuron: 46 41.3594 19.1206 -8.87465 -801.728 70.2871 -56.4922 46.2854 -69.9634 -105.064 -38.9501 43.0865 87.8235 -766.385 -25.1228 -941.476 -6.0689 11.7903 58.6984 45.3344 -7.72255 -16.0509 65.879 7.3276 -161.264 64.7348 54.2042 -195.501 -79.5356 -86.829 0.582925 -101.647 31.5409 40.2626 120.294 -3.00819 7.21746 81.7367 97.59 4.13546 -67.5051 -51.9351 35.4848 26.0169 10.2523 121.348 -24.2658 -32.2705 32.8831 2.53635 61.6011 5.80678 -23.7304 -757.658 12.3696 -322.001 45.2914 -58.1658 -25.6635 -6.25658 19.2514
layer: 0 neuron: 47 41.964 19.7252 -8.27005 -801.123 70.8917 -55.8876 46.89 -69.3588 -104.46 -38.3455 43.6911 88.4281 -765.78 -24.5182 -940.872 -5.4643 12.3949 59.303 45.939 -7.11795 -15.4463 66.4836 7.9322 -160.659 65.3394 54.8088 -194.896 -78.931 -86.2244 1.18753 -101.042 32.1455 40.8672 120.899 -2.40359 7.82206 82.3413 98.1946 4.74006 -66.9005 -51.3305 36.0894 26.6215 10.8569 121.952 -23.6612 -31.6659 33.4877 3.14096 62.2057 6.41138 -23.1258 -757.054 12.9742 -321.396 45.896 -57.5612 -25.0589 -5.65198 19.856
layer: 0 neuron: 48 41.2863 19.0474 -8.94777 -801.801 70.214 -56.5653 46.2122 -70.0366 -105.137 -39.0233 43.0134 87.7504 -766.458 -25.1959 -941.549 -6.14202 11.7172 58.6253 45.2613 -7.79567 -16.124 65.8058 7.25448 -161.337 64.6616 54.1311 -195.574 -79.6087 -86.9021 0.509803 -101.72 31.4678 40.1895 120.221 -3.08131 7.14434 81.6636 97.5169 4.06234 -67.5782 -52.0082 35.4117 25.9438 10.1792 121.274 -24.3389 -32.3437 32.81 2.46323 61.528 5.73366 -23.8035 -757.732 12.2964 -322.074 45.2183 -58.2389 -25.7366 -6.3297 19.1783
layer: 0 neuron: 49 41.7759 19.537 -8.45819 -801.311 70.7035 -56.0757 46.7018 -69.547 -104.648 -38.5337 43.503 88.2399 -765.969 -24.7063 -941.06 -5.65244 12.2067 59.1148 45.7509 -7.30609 -15.6344 66.2954 7.74406 -160.847 65.1512 54.6206 -195.084 -79.1191 -86.4125 0.999381 -101.231 31.9574 40.6791 120.711 -2.59173 7.63392 82.1531 98.0065 4.55192 -67.0886 -51.5187 35.9013 26.4334 10.6688 121.764 -23.8494 -31.8541 33.2996 2.95281 62.0176 6.22323 -23.314 -757.242 12.786 -321.584 45.7078 -57.7493 -25.247 -5.84013 19.6679
layer: 0 neuron: 50 41.8437 19.6048 -8.39038 -801.243 70.7714 -56.0079 46.7696 -69.4792 -104.58 -38.4659 43.5708 88.3077 -765.901 -24.6385 -940.992 -5.58463 12.2746 59.1826 45.8187 -7.23828 -15.5666 66.3632 7.81187 -160.779 65.219 54.6885 -195.016 -79.0513 -86.3447 1.06719 -101.163 32.0252 40.7469 120.778 -2.52392 7.70173 82.221 98.0743 4.61973 -67.0208 -51.4508 35.9691 26.5012 10.7366 121.832 -23.7815 -31.7863 33.3674 3.02062 62.0854 6.29105 -23.2461 -757.174 12.8538 -321.516 45.7756 -57.6815 -25.1792 -5.77231 19.7357
layer: 0 neuron: 51 -7.08673 24.2753 143.291 -1684.13 66.1733 -185.775 -132.182 131.59 -150.1 -33.1538 20.1491 37.7796 -1547.51 72.6407 -1519.03 -1.40102 -101.316 26.7667 -85.4943 -10.6149 9.6629 -30.3572 94.0137 -72.7681 54.6934 -114.009 56.0202 -81.3329 492.032 125.643 130.623 -43.7932 224.052 406.898 263.469 -25.325 -136.308 -85.2662 -76.009 -148.739 -28.8267 -55.402 -82.7182 164.008 -54.8877 113.594 -27.2621 29.1658 92.4705 -48.8344 116.323 59.2766 -2090.8 5.48006 153.987 0.862164 46.7778 -37.405 -13.3991 -70.6219
layer: 0 neuron: 52 -38.233 116.52 22.1068 -2066.12 -298.302 -17.9339 -271.964 369.507 269.715 -166.755 106.883 335.138 -1895.06 226.887 -1766.93 135.436 20.7681 -28.0037 -146.214 500.111 86.9713 -128.817 -90.5277 245.692 -130.443 -10.0093 546.785 135.817 7.53181 153.024 291.886 -161.473 102.965 -71.8458 418.024 35.6339 -164.424 -102.33 134.107 69.1586 257.589 65.6274 -109.144 126.292 -76.8152 -130.204 73.4058 -273.064 -19.4488 -89.1009 295.28 290.059 -2680.89 -18.0564 473.172 36.4164 193.236 119.843 -0.0473382 -256.455
layer: 0 neuron: 53 133.212 122.646 -170.665 -1496.3 -178.213 43.6931 -55.3639 -111.95 17.6283 -483.126 -49.8723 -245.58 -1355.48 -9.97253 -1405.65 -90.6232 -156.331 37.7012 140.222 -65.2875 285.225 241.428 -246.874 251.907 315.403 -73.5932 322.443 86.8872 -718.258 363.425 43.0755 -98.5846 -134.672 49.6457 105.363 24.0938 -54.0577 -97.8642 37.4739 7.71804 -7.46753 -19.7812 39.6449 329.23 -108.063 -90.0049 91.44 -275.095 140.848 68.5876 35.7208 -14.8591 -2204.29 -280.296 80.5646 -140.378 -173.466 -119.364 137.785 -135.619
layer: 0 neuron: 54 -107.721 -163.439 -251.23 -1310.06 119.089 280.669 -381.917 -3.11504 134.982 536.3 -39.7069 -245.796 -1146.9 -215.131 -1158.32 -25.3553 -53.1352 -141.203 349.704 -451.962 70.7156 179.736 -86.2116 372.309 -53.0764 2.03943 154.219 341.42 -718.266 -226.292 -201.797 238.513 -296.932 -215.766 -315.662 -210.911 -133.123 3.29293 54.3005 136.014 -199.34 -171.154 -7.11875 57.2004 92.0331 236.504 -107.371 -138.202 128.995 -72.2053 -86.8852 -279.034 -2071.96 115.636 -90.1888 58.8052 -10.5816 -64.6119 3.86208 -114.85
layer: 0 neuron: 55 -176.842 -126.214 -227.727 -1554.42 -19.3283 145.304 -195.213 -174.969 161.24 349.298 -11.3884 -122.477 -1413.94 -266.285 -1441.28 47.2111 160.245 -94.038 60.4282 -54.0994 -138.186 -69.6187 -192.497 35.2693 -268.525 120.339 98.404 248.778 -459.503 -109.8 -65.4621 -9.70557 -274.216 -365.98 -312.14 -57.4864 -94.5499 30.193 150.698 -32.8743 -50.0558 -70.1623 27.9806 -249.834 76.9837 -39.3666 -159.831 20.6107 -121.188 -216.691 -45.4567 -65.463 -2263.3 19.1224 -400.102 106.222 -85.1095 -17.2034 -86.7137 36.5456
layer: 0 neuron: 56 -116.704 -196.442 -28.3048 -1504.41 -33.7638 -101.359 -139.173 86.4016 33.805 -85.4401 78.6141 -4.96103 -1361.77 64.5886 -1306.69 149.479 67.6062 159.748 -233.125 83.5902 5.8687 -144.661 47.9156 -98.7874 -237.776 163.708 290.025 -11.1547 317.681 93.774 292.737 -300.961 132.649 387.494 234.981 231.248 -95.6879 23.3221 -62.1404 -50.6739 -95.3804 -93.6168 -199.246 -10.5765 53.6397 99.9726 159.216 123.373 -57.0393 -87.9712 147.211 336.465 -2063 8.86104 -30.0987 238.961 296.132 167.357 -67.8174 96.4534
layer: 0 neuron: 57 -120.17 233.368 -38.382 -917.928 -150.987 -84.7957 8.49982 143.58 -275.784 -39.6809 -257.767 134.623 -841.481 211.402 -817.678 80.3345 -183.606 18.1516 -33.3444 106.549 -40.8078 112.027 108 -4.48168 216.842 -78.8735 229.886 -1.82091 -230.07 -30.6637 -45.35 59.6289 125.24 56.2371 107.394 -15.3931 67.9665 -7.9168 -204.978 92.0048 -21.1143 154.418 141.506 71.4061 -323.578 -174.217 -162.086 3.00142 118.888 167.224 -12.3542 -100.743 -1278.19 24.9938 186.381 -124.12 -115.604 30.4124 233.675 -63.1071
layer: 0 neuron: 58 41.8762 19.6374 -8.35785 -801.211 70.8039 -55.9754 46.8022 -69.4466 -104.547 -38.4333 43.6033 88.3403 -765.868 -24.606 -940.96 -5.5521 12.3071 59.2152 45.8512 -7.20575 -15.5341 66.3958 7.8444 -160.747 65.2516 54.721 -194.984 -79.0188 -86.3122 1.09973 -101.13 32.0577 40.7794 120.811 -2.49139 7.73426 82.2535 98.1068 4.65226 -66.9883 -51.4183 36.0016 26.5337 10.7691 121.864 -23.749 -31.7537 33.3999 3.05316 62.1179 6.32358 -23.2136 -757.142 12.8864 -321.484 45.8082 -57.649 -25.1467 -5.73978 19.7682
layer: 1 neuron: 0 5.84867 -6.31338 -4.29036 -0.00811535 -3.91504 4.49334 -3.09458 4.67213 -2.67334 0.721158 3.56588 4.30695 3.77056 5.85961 7.97319 7.01141 -8.94692 4.42002 -2.02965 -0.293024 -2.25453 -1.4503 1.95963 -7.39214 0.266712 1.46491 -2.96954 -5.79591 0.295448 4.12389 -4.24538 -7.80184 -3.22569 -3.47369 1.90059 0.304514
layer: 1 neuron: 1 -7.23303 -1.40584 0.0485717 -1.25744 4.3594 -0.24906 2.82564 1.80231 1.67604 2.80674 -0.499004 -0.214781 0.521166 -1.56915 -0.792841 -0.82435 -4.11228 -1.88255 1.12296 3.76535 1.08191 2.68648 3.10244 0.0320913 -6.6663 0.742124 3.36207 1.11896 -0.670787 -0.81477 -9.23207 -2.61922 -0.237284 1.34695 2.69581 0.0666524
layer: 1 neuron: 2 -2.83951 -0.188253 -6.4797 -4.88893 -2.28039 -2.07053 -1.66815 -4.87134 2.35771 -0.643303 5.04269 5.58647 2.95973 1.34414 2.97915 2.56296 -2.94601 6.73964 4.47483 -1.00045 4.43723 1.87483 1.64946 6.39514 -7.99054 2.28542 -9.40759 -1.94715 0.773951 6.34151 -4.50658 -11.4352 5.38421 -2.49336 -5.72041 0.705802
layer: 1 neuron: 3 13.0511 20.539 19.5485 16.5099 15.1846 12.4234 16.2246 16.5311 19.6412 16.4282 15.7263 18.5444 17.9601 16.3605 18.3405 12.6244 15.1957 15.4595 25.0851 15.0363 16.9459 18.0057 13.9899 18.9415 14.9596 11.9015 15.2488 19.0296 11.2155 13.7011 20.7285 21.8276 14.84 15.6765 17.4926 0.925352
layer: 1 neuron: 4 1.62066 -1.5442 0.550314 2.29136 -0.95395 -2.64049 -6.27282 -0.0170722 -3.49081 1.87256 6.31182 1.9657 1.99401 -0.724529 3.96909 1.79354 3.19357 2.36419 -3.43892 0.68456 1.3905 -1.95481 4.92572 3.12 -2.60409 0.243203 -2.95674 -3.79222 -0.213097 5.44454 2.54148 -0.187631 -0.658 -2.39392 2.01023 0.615223
layer: 1 neuron: 5 -5.18071 3.84499 9.35724 0.020033 -8.01057 0.479418 -5.05495 0.31998 -2.61123 3.43407 -2.58201 5.64008 1.54858 -4.46702 4.54765 -1.66395 0.0971304 -3.1208 4.0385 -4.46845 -4.1367 -3.39561 -5.4239 -5.43581 -10.9136 -4.29698 -8.9866 -11.609 2.98895 2.24417 -2.09441 -3.27846 4.71102 -7.29292 5.82632 0.722251
layer: 1 neuron: 6 -5.09195 8.68954 -1.64226 -3.51367 2.1599 -0.936348 -5.61558 4.9981 -5.59679 7.82055 -3.10787 9.13976 -6.2601 -5.12283 2.65868 6.4301 -8.67567 3.04912 -5.75535 -3.30994 4.54032 -4.44477 1.35616 3.91919 -7.34566 2.27026 0.23945 -0.0434656 -1.49767 -1.26209 -5.60548 -0.883811 4.32111 1.90703 3.78276 0.704825
layer: 1 neuron: 7 4.67068 -4.89882 1.22377 -0.194415 -2.39437 0.106769 0.797887 5.80814 -1.30758 0.168497 -0.68905 -4.64908 6.80294 -1.3645 2.32298 2.08956 0.218328 3.61699 7.22025 2.49678 -0.194322 2.86084 6.39478 -1.72298 0.46429 3.61333 -3.32532 -2.87342 -1.80983 2.33838 1.03923 -0.29919 -2.0061 6.34763 0.0996252 0.845546
layer: 1 neuron: 8 -5.51197 0.324493 -1.6478 1.79894 -1.68332 -5.22664 -1.48685 0.23072 5.62745 1.64755 -0.541955 5.88057 -4.1173 -0.0225218 0.95582 0.311205 -2.88145 -2.88913 3.81523 3.95181 -5.53301 -3.12136 -3.14946 -4.29945 6.12341 -2.92181 -10.6251 -8.2376 3.46959 4.4356 -2.52124 -0.582865 3.2907 -5.12609 1.69959 0.659536
layer: 1 neuron: 9 1.451 -4.59482 -1.38715 -5.51574 -4.16129 4.72 0.751379 -11.5253 -1.55994 -5.49201 -6.69545 -0.220474 11.6411 1.11695 5.1059 -7.20204 -8.26463 -6.63791 1.63998 -1.15081 6.16513 7.23944 5.61323 3.98079 -2.05368 3.47329 -2.6412 -11.4459 -4.3967 8.38456 2.31057 5.2893 -4.8651 -6.5708 9.67423 0.504776
layer: 1 neuron: 10 5.1144 -1.33767 -4.67181 -2.92921 1.90451 -4.50147 -3.36499 -0.862843 14.4376 4.13929 -1.65888 12.1906 -7.16229 -2.68443 -0.137916 -6.05409 -9.01636 4.15591 -1.42808 -0.0982584 -9.62004 -0.832922 1.84966 7.75003 -0.127957 0.798415 0.129387 -0.674301 -4.7705 -6.6007 -1.50574 1.90692 5.68099 -4.36614 -4.3801 0.620472
layer: 1 neuron: 11 -2.7886 -7.76777 9.65124 0.60106 -1.55892 2.44489 0.336737 2.22725 -4.74595 -8.1499 5.06795 -3.32505 1.55486 -2.38879 -3.63651 0.0774406 -0.647426 0.764079 -2.4309 -6.60574 0.188347 1.15585 0.0281129 -1.66871 0.230381 0.191206 1.24946 -1.73046 1.49721 6.87625 -3.4848 -6.20712 0.560892 1.19302 -1.04213 0.27958
layer: 1 neuron: 12 13.025 20.1801 19.1864 16.4838 14.8224 12.3973 16.2104 16.505 19.3224 16.4021 15.7002 18.1823 18.0515 16.3344 17.9784 12.6015 14.8002 15.4335 25.0418 14.2498 17.3897 17.7729 13.9638 18.6053 14.9345 12.2432 15.2214 19.0035 11.1923 13.8052 20.7024 21.8015 14.3375 15.1667 17.6306 0.902402
layer: 1 neuron: 13 -7.43481 -6.01017 7.87125 -4.64744 2.74167 0.504462 -6.28143 1.48705 0.815612 -1.24893 3.97713 -0.39857 4.13471 -3.05742 -0.98192 0.750975 5.1104 -2.49535 3.60156 -0.889609 0.3128 7.22274 -0.950019 -6.21384 -8.78323 -2.15579 2.58259 -0.00408799 3.38989 -2.53228 -14.8208 -1.84574 3.29404 3.23127 1.03563 0.87756
layer: 1 neuron: 14 13.1721 20.2669 20.6294 17.2549 15.9296 12.4951 16.9752 16.6048 20.0968 17.1737 15.7994 18.9535 18.8413 16.4336 18.7496 13.3726 15.6338 16.3173 26.838 15.9453 18.1486 18.8804 14.063 19.9957 15.0418 12.7143 15.7887 19.4387 11.8907 14.5771 21.0789 22.3622 15.585 16.0846 18.3786 0.989196
layer: 1 neuron: 15 1.05247 7.01658 -1.35961 -1.86271 3.30513 -0.540108 -1.52569 -0.686073 -1.02254 -5.07156 0.927127 0.628857 -3.08767 -5.02663 1.0009 -0.240177 -0.444696 -1.62854 3.31114 -0.713946 -0.69151 -2.13835 3.5846 6.91158 1.8131 -3.58027 0.982993 -5.17864 -0.837002 -1.81075 0.500593 2.47261 2.51033 2.43376 -5.56607 0.339305
layer: 1 neuron: 16 -5.55483 0.13362 -1.29868 -0.291693 6.87014 -5.18522 -0.893046 0.600863 -10.3171 0.579553 -6.80518 3.06384 0.829395 5.28201 4.89271 4.19799 4.10483 -7.95534 -2.23011 -2.26845 0.00185436 -3.31647 -4.02235 -1.2257 -1.98162 4.39081 -4.81671 1.39247 2.81555 4.0382 -6.59397 1.51471 -2.80711 2.83969 -0.981981 0.344768
layer: 1 neuron: 17 -0.0599909 -4.38153 -3.51231 5.48089 0.196663 -0.221569 3.32089 -0.977479 -5.62755 5.91749 -1.39819 -9.87092 -4.36494 -0.469773 -5.16255 1.36796 -0.673486 -0.636403 -1.09381 -3.85359 -2.02534 0.402379 5.85554 -2.5994 2.45588 1.95706 -0.37517 -0.546569 2.0281 -1.40143 -6.6666 -6.7093 -1.28345 3.19881 3.99724 0.328227
layer: 1 neuron: 18 3.85875 -3.1959 -1.66342 -7.40423 -2.57133 1.21525 -4.22052 5.33298 1.64037 2.04044 1.3657 -6.1269 2.96148 2.68668 1.96107 -1.59671 -1.96222 -8.58966 -4.3438 -0.542319 2.26382 -1.77027 15.1401 -8.94281 2.49498 -1.86155 -1.5481 -2.14394 -1.0876 4.80384 -1.36414 11.2667 -1.9257 0.373406 5.38806 0.375805
layer: 1 neuron: 19 3.15589 -3.78213 3.02965 1.33405 -1.34602 -2.27465 -2.06919 3.39442 -8.94742 -5.7225 2.86426 -3.61424 1.68324 8.55269 -1.66506 0.52299 1.91545 0.678833 -1.82276 -0.048265 -2.4813 -0.891478 -4.21328 -2.56416 -2.66139 2.38079 -2.69102 -3.54888 -4.26398 -5.75149 3.04178 -4.87717 0.486997 0.60036 -4.68515 0.746666
layer: 1 neuron: 20 5.41888 -2.46279 -3.02828 1.98163 1.70061 -2.25453 6.26558 0.854141 2.24044 1.73868 -0.142706 0.786404 3.21625 -0.891831 -5.93844 2.38943 1.37912 4.29267 2.76592 2.70953 -7.40494 6.27383 1.62985 -7.56649 -2.14721 -3.05852 -0.955496 -2.22606 1.6879 0.985546 10.4561 0.722552 -1.70597 0.501698 0.710153 0.0713523
layer: 1 neuron: 21 4.04691 -4.11328 -1.28984 1.37949 0.233539 -3.34592 0.170223 -2.12961 1.36184 0.756877 3.93532 2.02509 -0.235843 -1.15232 -2.06633 -1.63839 2.65085 -3.13391 -2.33619 4.86643 -2.1318 -0.391626 0.0708535 -6.22195 -0.368325 -2.64736 9.39937 -10.5534 0.321048 0.14589 -1.1226 5.90968 -4.22484 -4.04811 -5.10922 0.35139
layer: 1 neuron: 22 -0.1147 -0.447259 -3.39826 -2.06883 5.79202 -2.43949 1.71124 1.9276 0.4845 -1.95382 6.31728 -2.74615 -0.974757 -5.19036 -2.13688 0.817833 3.33854 -1.31851 4.20955 0.327844 1.26202 -3.90712 -0.964544 2.15379 -6.19262 7.574 -0.902981 -3.47024 1.07741 2.51766 -3.66411 -3.97293 -6.5322 2.64261 -2.52228 0.550981
layer: 1 neuron: 23 -3.48431 13.6487 2.8267 5.97448 -1.16724 -1.18498 -0.256846 3.03066 4.04082 1.0123 6.5681 0.255291 3.56986 0.0980235 7.01535 1.91525 -4.60502 1.40259 6.52728 2.9666 -2.51375 6.08801 5.38542 1.6334 -3.0057 3.24503 7.50413 -5.12345 -1.15887 7.05084 1.34308 0.116603 -1.24787 -2.9009 0.110073 0.926603
layer: 1 neuron: 24 -3.83437 1.03053 0.183086 0.51449 -1.37615 4.7796 1.42066 4.3474 -3.7035 2.52927 3.53062 -0.839229 -3.94444 4.97889 1.36686 -1.87943 -5.55613 5.81576 -1.81949 -0.0759076 5.14892 2.78022 5.63003 -6.27598 0.610782 0.815465 4.47009 7.65812 -5.12981 1.93787 1.91621 0.0853821 1.68559 -3.7689 4.67114 0.0967437
layer: 1 neuron: 25 4.23901 -6.4626 -1.65113 2.74348 1.66832 -1.03788 3.03329 7.12271 -3.39107 2.71994 -6.59758 -3.80445 3.58 -0.512996 -2.21331 -0.633704 2.00438 -1.48087 -2.96253 -1.11834 -1.6833 -0.172317 4.74925 0.704653 -4.1895 0.554141 -1.38838 -1.31851 -0.991027 -1.99867 2.80982 4.63715 0.282253 5.2971 -1.38215 0.534623
layer: 1 neuron: 26 0.0697867 2.26945 6.69146 -2.69123 -1.28679 0.151161 0.874947 -1.24074 -3.65744 -3.25946 -2.82535 -4.8354 1.03674 -0.151892 9.48625 0.222471 2.43512 -3.76057 4.52291 -0.727208 1.57882 4.54149 3.68393 -5.08586 0.0166505 -3.10307 -4.40681 0.247403 0.508382 -3.84696 -6.75906 -1.86864 -3.88639 -4.83625 -3.65416 0.357891
layer: 1 neuron: 27 -2.3701 0.473044 -0.54505 -2.24572 0.651452 -1.81041 4.66815 -3.68681 1.57189 3.68651 -11.139 1.83179 3.2941 1.69851 0.31845 0.408287 5.01427 0.414657 1.43229 6.58592 -0.341315 5.7577 -2.45884 1.62974 3.32716 -3.89851 -5.92215 -3.38506 -3.0187 -4.29851 4.40348 3.14877 -2.27009 -4.33512 -7.27694 0.0317087
layer: 1 neuron: 28 -7.59301 2.01912 0.526415 1.34863 8.18153 -4.06125 6.22069 -2.45857 -1.49712 1.94029 12.1524 -3.59408 -2.77743 -13.1714 3.6254 3.79462 -8.88868 4.39555 4.12918 1.95087 2.50742 -1.16257 -4.51092 -1.71533 -4.70498 7.91575 -18.441 11.2395 -2.01221 3.33459 -8.77266 0.534573 6.58178 4.0103 4.9641 0.416822
layer: 1 neuron: 29 -0.327462 -1.34491 0.210876 1.21595 -1.48236 2.13348 1.76339 -4.02705 6.21182 -0.675263 -3.62624 4.75982 0.107457 3.91964 4.83377 -0.711955 -4.17975 4.64371 1.48883 -1.15251 -2.59842 0.987212 2.11721 -2.92141 -2.91953 0.200777 -1.36733 9.09808 -0.448491 -4.90722 2.83427 -6.83362 -2.41349 -6.15845 -1.65435 0.0293588
layer: 1 neuron: 30 1.14103 1.8179 -0.217278 -1.64626 -1.95891 0.301849 1.00616 -2.36327 2.82814 -6.51918 -6.89682 0.656682 1.0455 -0.143634 -0.0682355 0.305669 2.44747 -0.741014 5.48865 1.81061 4.27732 2.13663 -7.26586 -0.842194 -2.38084 -0.126707 1.44247 1.90982 -2.25191 -1.53391 3.39406 -1.80805 -3.86908 3.79144 0.0877307 0.424787
layer: 1 neuron: 31 3.19871 -1.02647 -6.38984 -8.15552 6.08456 -14.2076 4.75981 -1.96268 -3.0296 6.23997 0.753078 2.91865 -1.59684 1.91146 2.28328 4.49832 -1.23457 6.08259 2.25883 -5.94835 4.65409 3.4594 1.64581 5.0247 -4.72926 1.98313 -0.285061 -3.35423 -14.8524 5.17826 4.01183 11.1801 4.72787 -3.19993 4.97721 0.429579
layer: 1 neuron: 32 -0.132518 -3.64626 -4.32539 -4.41972 -3.94473 3.39391 -5.00592 -3.43732 -1.67833 -6.38416 2.24634 3.18441 -4.55113 1.76805 3.88355 -5.91439 0.599307 4.44812 -2.56957 -1.54551 -2.06449 -0.311931 0.403056 12.8042 -4.16909 8.08782 1.09096 -1.00111 -0.797889 -4.72536 2.66044 -9.06734 -5.61821 -1.1215 0.704748 0.67159
layer: 1 neuron: 33 6.29982 -0.550636 -15.4822 -11.9463 -1.58756 -8.09308 -1.91699 -4.61165 2.95707 -5.42746 8.41886 -2.82848 -1.44933 2.1188 -5.46947 3.02977 4.02001 3.97412 -4.89983 -4.64883 0.832831 3.9351 5.66964 6.78154 4.23065 -0.914773 5.5543 4.42514 -8.50994 -4.27288 6.64684 -2.30051 -3.05516 4.91454 -4.03018 0.187658
layer: 1 neuron: 34 1.48391 -2.56068 2.61257 -6.02429 -1.89307 -4.32842 4.11954 -7.36225 0.98113 -5.83853 10.2744 -0.447293 1.0408 -3.5771 1.74174 0.531294 0.252794 -1.74938 3.94496 4.83011 4.39736 -0.0184311 -3.73511 -0.182917 -0.406077 2.6315 3.74129 0.739658 -0.6225 -2.00926 0.609957 -4.68136 2.48973 4.4374 -5.57412 0.379589
layer: 1 neuron: 35 -1.59619 1.1265 -0.939415 6.72365 -0.391763 -1.14909 -0.575765 5.94822 -7.41922 1.03615 -0.264681 1.48019 0.696736 0.932468 2.95864 1.54045 -0.984925 0.129887 -1.33412 -6.08172 -4.4215 2.37165 -3.59819 -5.74305 -4.6842 3.60042 -1.45649 7.87755 -1.36791 -4.00423 -0.841825 -3.30245 -3.47478 -0.835768 -2.33384 0.684347
layer: 1 neuron: 36 -9.94063 -4.94146 7.86576 -5.30638 -1.85456 0.933272 0.0488346 1.97912 -4.3799 2.04191 -0.581852 -1.19629 -0.998414 -0.539269 2.31282 -1.01975 -2.63353 -4.58708 0.22389 -1.8767 2.79923 -4.00198 -3.73438 -1.18114 -0.378303 0.691786 4.84873 -1.45358 1.36582 4.79258 -3.71518 -2.1318 3.25754 -0.533321 6.97238 0.325297
layer: 1 neuron: 37 -1.82277 2.20075 -1.11556 3.29326 0.937634 3.67851 2.93146 -8.84394 -1.26571 -4.88355 -0.538878 4.71864 -3.09646 -2.67782 4.86246 -1.9196 -0.936688 0.118862 -1.13932 -1.80871 -3.18822 0.860266 4.9229 0.887181 -0.830123 -1.23888 3.2777 0.655215 2.65935 -2.01182 2.42496 -6.77188 -1.03473 -0.577105 -1.00372 0.646382
layer: 1 neuron: 38 -0.890459 -1.94941 0.205917 5.83823 -1.01903 -2.18044 -1.38675 -3.32972 4.16555 -6.67571 -4.7589 -0.302401 -4.6413 -0.48455 2.70387 -0.286071 -2.99879 -2.88787 -2.14926 3.79061 2.08545 3.10002 -7.1114 -2.73017 -1.26604 -1.47444 1.57709 1.75205 1.33237 -2.24589 3.35313 -2.46099 -6.22909 -1.73832 -1.08358 0.722404
layer: 1 neuron: 39 3.87364 7.17265 3.43005 -1.45838 0.497259 -3.8592 -0.452219 -3.18377 -4.16233 -2.95927 -1.9524 6.10593 2.16895 3.56855 5.69423 2.08038 7.09447 -2.24245 5.58114 0.641255 2.07603 1.78302 -4.75635 -5.29704 0.00115745 -0.107538 0.399869 -1.86689 2.05979 1.12052 -2.88045 -2.17473 -1.95415 1.50778 -0.931433 0.563646
layer: 1 neuron: 40 -1.03668 2.16276 6.46916 2.90059 -4.33679 6.41808 -7.29661 3.61025 0.99855 -10.6228 -2.84565 -2.59354 7.36889 4.57354 2.43478 -1.96641 -1.11983 -0.910942 -1.07242 -0.407767 -2.27767 5.31139 -0.136789 -3.19631 0.870477 1.21631 -1.84502 1.49706 -13.6909 2.70098 -0.262809 -6.44227 -0.307213 4.61149 1.7133 0.770806
layer: 1 neuron: 41 0.387399 2.78942 -1.23867 0.661797 1.50827 -9.48416 -2.33571 3.62761 -7.28385 1.35298 4.24003 4.85883 -3.02863 7.55143 -8.2182 1.80971 5.88387 -0.88492 -3.83334 -0.955691 -1.976 1.71697 -1.35846 1.80975 -0.274466 -2.19258 3.99331 -0.0810686 -3.47734 8.25139 -7.72118 -7.24656 1.60284 -2.65172 -16.486 0.639698
layer: 1 neuron: 42 -0.216545 -1.87235 -2.58535 -1.90534 1.3086 0.439623 -3.69777 -1.58411 3.28788 1.70537 0.978752 1.46603 -6.74731 5.58805 -4.93023 -2.76743 1.31138 -1.67539 -4.40271 2.37841 -4.45191 0.932837 -3.23717 -1.02547 -2.24723 2.06074 0.403944 -1.09203 0.611497 5.53015 2.22968 -0.480693 -2.05899 -1.4325 -1.70619 0.0127262
layer: 1 neuron: 43 -3.15776 -1.36952 -0.0618024 -0.632629 -3.32596 4.73976 1.74912 -0.921451 1.14989 1.17381 4.47964 5.33763 -8.19189 -6.86765 -3.10391 -2.39105 -0.687605 5.49644 2.08078 3.05264 -2.27712 7.59696 -0.696877 -0.882745 -0.816612 -5.60591 -0.589373 2.20772 -2.38431 -1.50572 2.13276 5.8736 3.94323 -3.41226 -0.37428 0.102298
layer: 1 neuron: 44 3.98692 -1.74333 -5.72944 -7.75043 -1.26302 2.73216 8.42645 -1.55774 2.93855 0.511306 -1.01971 -0.266543 -0.871727 0.858745 -0.660778 0.429508 -2.0339 -4.73101 -2.08369 -3.26397 -3.61614 -11.6215 2.25254 -3.80532 3.59878 -2.76266 -0.927653 1.00297 0.724349 -2.81909 -3.25668 -0.696885 0.481006 -1.28356 -0.921485 0.263527
layer: 1 neuron: 45 -2.96101 -4.74215 -4.92638 -7.24921 0.625381 -6.27118 2.44287 -9.7836 -0.773553 2.37843 1.17487 1.5499 8.75398 -0.417173 8.37753 5.65499 6.19095 1.33952 6.81664 -2.23262 3.90415 3.18694 -0.491745 -2.01162 -0.717901 -0.264528 -7.24792 -0.746613 -0.221527 5.12541 4.27778 3.65138 -1.95094 -5.8469 -0.492546 0.82165
layer: 1 neuron: 46 4.02339 0.371822 -3.51049 -7.98919 -6.29314 -0.782972 -4.20068 1.67446 4.30933 -5.43599 -0.0056463 0.394764 4.58212 -4.16277 4.14237 0.804437 -0.299491 -1.50469 2.9446 -6.29833 4.60017 1.94282 -2.57433 -0.523223 -4.89606 -1.27307 -1.19167 0.575851 -2.2263 -4.70775 -0.5351 -1.49616 5.6566 6.60685 3.66621 0.52739
layer: 1 neuron: 47 -3.34932 -1.4748 1.74234 -1.98698 1.39453 -4.05041 -0.10767 -0.0514477 -3.6582 -1.63336 -0.00730906 -5.28106 -1.92435 -5.54109 -6.24467 -1.37041 4.41981 2.43599 -1.51882 6.35411 0.390173 -0.506743 2.25816 2.43192 0.948749 -0.484813 -2.65187 1.77981 4.13056 0.40228 0.628007 1.3538 0.506051 4.13392 2.8198 0.253731
layer: 1 neuron: 48 3.30006 -0.743341 2.55391 -4.03571 2.93384 3.1933 5.47828 0.180547 5.08407 1.59657 1.08391 6.22675 -4.82968 -0.805499 4.22382 -1.56902 1.95111 -0.618634 4.40851 -0.0223492 -1.94165 2.22369 2.62153 0.584576 -4.14077 2.68749 3.76853 -2.23356 1.13875 1.22392 -2.24495 -2.33634 -3.64846 3.13837 -2.11242 0.0921659
layer: 1 neuron: 49 -6.54823 -2.83353 1.01851 -4.47967 -0.870121 -2.84863 1.06468 2.33285 -2.13096 -2.13397 5.10634 1.09483 0.800139 8.41889 -1.98526 3.42983 8.3606 2.0563 0.0754408 -4.13015 0.810225 3.86676 0.886772 -1.79555 -5.7533 -2.99937 5.07503 2.51805 0.703889 4.09914 1.57434 1.35795 -4.83944 -5.18199 -0.683475 0.379406
layer: 1 neuron: 50 2.48166 -2.16329 -0.212138 -2.77508 -0.746844 1.54069 2.99581 -3.41242 12.5498 -1.0031 -1.88553 -0.697337 0.303406 3.86169 6.18605 1.66009 -2.12939 -0.507274 2.54874 -3.64621 3.49516 1.672 3.30574 -0.462992 -3.34978 -0.371589 -3.17382 -5.13634 3.01711 -1.23565 0.0549397 -3.95969 -2.84651 0.806319 -3.20837 0.0451369
layer: 1 neuron: 51 -5.09195 0.460863 8.31465 -3.27227 -1.95272 -8.00614 9.04323 -7.13313 -2.63055 -3.02802 -0.548202 1.70638 -3.49264 -1.28977 3.26915 -3.8713 3.98601 -4.28125 1.76943 3.21218 2.30713 3.2733 -10.3656 2.72778 1.45979 -6.94792 1.39307 2.1136 -2.64619 -1.48849 5.35986 -6.81256 0.948984 -0.923569 -4.19325 0.160588
layer: 1 neuron: 52 13.0468 19.2449 19.3654 16.4718 15.4729 12.3853 16.5705 16.4929 19.633 16.7265 15.6882 18.5062 18.014 16.3224 18.3024 12.9254 15.1867 15.8701 22.8739 13.8522 17.672 17.7608 13.9518 19.2772 14.9225 12.2678 15.6754 18.9914 11.4416 14.1291 20.6926 21.7894 15.1375 15.8265 17.6281 0.891781
layer: 1 neuron: 53 2.89198 -2.6054 -1.18209 0.578626 0.32099 0.753842 -1.04619 -0.26854 1.31021 0.521608 2.83096 1.69676 1.03861 4.07994 2.47071 0.621055 -2.96648 0.94876 4.10093 1.66037 0.631434 2.1721 4.90782 2.00998 -1.72813 3.39841 -2.19608 -2.17194 0.240935 -0.501438 0.102462 5.37495 2.13696 3.3265 -0.982458 0.719047
layer: 1 neuron: 54 11.3806 -5.26096 0.902552 15.0176 10.8783 9.44322 -1.02777 16.0219 0.511531 16.4162 16.3432 11.0821 5.92555 16.3485 -2.96177 7.83255 13.6665 13.8962 12.5199 3.4547 4.71895 1.35214 13.9779 15.5486 9.35155 11.4369 9.99535 6.26962 1.74845 13.8177 20.3192 21.8155 11.4903 8.99407 17.0493 0.914762
layer: 1 neuron: 55 0.31253 -3.18406 0.889328 -3.24972 7.87432 -2.40808 1.19071 -6.33296 4.9548 -1.02025 3.66029 -7.606 -0.14978 -3.27393 -2.22532 -6.45269 -2.81277 -1.91265 -0.514673 0.716898 -0.843642 -1.60033 -4.81456 -2.11738 0.266137 -6.51478 1.80432 -2.94257 2.71774 1.66238 -1.31583 -0.301692 2.11931 5.85997 -0.309058 0.575823
layer: 1 neuron: 56 -0.625354 3.17554 3.2573 0.072747 2.19233 -3.36976 0.838183 -0.559934 -0.737732 1.08281 0.13706 -3.47883 4.10338 -10.0467 -2.03156 0.332267 0.625117 -0.0201064 4.0418 2.54479 1.78572 1.87783 -3.75536 -0.18984 -2.41406 0.0109782 -7.49494 -2.34351 2.24667 -0.64893 0.732362 3.8831 -0.515927 2.48275 1.69624 0.505539
layer: 1 neuron: 57 3.08339 1.79864 5.166 12.8673 -3.18926 1.63813 -4.04716 -5.58536 1.16827 -1.86418 -7.04934 -2.83654 -1.2812 -1.24262 -3.09185 -2.18065 -2.14414 0.816817 1.39879 4.83407 1.46828 1.85882 -0.868721 3.1341 -3.76075 -0.564474 3.53845 -3.18147 -2.23493 -2.11677 6.23694 -5.02726 0.972354 3.47127 7.50676 0.504563
layer: 1 neuron: 58 4.47209 4.8564 -5.65631 5.28825 1.13264 -5.08919 -2.42486 2.28502 2.59154 4.52874 -2.89968 12.922 0.623266 -5.31148 -1.77168 1.88765 2.18794 -4.13243 4.15412 -3.32996 -3.30204 -1.49082 -0.435516 -1.67162 -7.27648 -1.31159 5.08897 -3.90499 0.86986 -3.50179 -9.41657 -1.8408 -0.759752 3.8207 -2.83974 0.0625019
layer: 1 neuron: 59 -3.02283 7.46643 4.52599 -4.27766 6.82037 -5.25454 -0.477786 -1.41115 -1.35674 -5.68385 -1.60234 6.09225 -4.99632 -1.27718 3.54235 -3.73918 -0.0800345 -3.85512 2.00905 -1.41327 6.11066 -1.62574 -2.36526 4.74066 -4.19512 0.233945 1.66437 13.7572 -4.49449 2.96161 -1.73213 9.55471 8.28949 5.41516 1.20132 0.465255
layer: 1 neuron: 60 -12.7986 -19.6477 -19.9201 -16.5455 -15.2203 -11.7888 -16.6081 -15.8954 -19.7233 -16.4643 -15.09 -18.58 -18.4679 -15.7242 -18.3761 -12.9992 -14.9244 -15.6079 -26.1286 -15.4346 -17.5323 -18.507 -13.3535 -19.7555 -14.3324 -12.0072 -15.0793 -18.3933 -11.2541 -13.8677 -20.4304 -21.6528 -14.8755 -15.7374 -17.6692 0.302011
