topology: 18 30 36
layer: 0 neuron: 0 13.5947 -9.20667 71.7434 -141.752 -74.2335 -75.3211 -112.311 -21.563 -83.6866 192.203 7.56497 64.3164 252.488 39.8286 23.9889 -45.8347 41.2514 278.228 -265.375 381.179 -68.7079 420.03 160.441 -3.58216 -303.75 -141.425 209.81 -64.6157 -80.8841 -156.073
layer: 0 neuron: 1 211.083 -183.206 -99.2526 81.3209 10.9808 74.3512 -9.03255 145.154 -55.1874 -15.8339 -98.189 63.9936 -140.128 51.2182 121.878 -8.29715 176.263 -161.088 1487.96 -325.093 -239.553 -89.6865 -154.65 130.282 478.881 101.48 272.298 -106.279 130.948 -83.7023
layer: 0 neuron: 2 165.637 -231.8 -80.0006 -182.701 -25.9712 94.9871 144.221 -167.962 62.542 -248.833 -112.285 -80.8049 93.1571 -181.186 -124.836 220.763 -19.2596 254.484 -129.936 30.14 -4.39218 288.704 278.159 3.03209 311.482 18.9702 -46.2636 122.015 78.1104 163.377
layer: 0 neuron: 3 149.706 174.991 57.2265 -146.125 -205.605 66.8278 -36.7814 19.5479 -297.267 116.326 -182.167 -41.7423 128.32 -1.90483 -15.8904 247.96 -92.4944 111.2 220.951 -243.643 504.411 171.728 186.469 -352.52 202.794 -73.4025 -19.8973 -41.9522 16.1947 -34.2578
layer: 0 neuron: 4 139.99 -9.52745 101.25 -28.9366 -77.7095 -48.6312 13.5603 -110.334 -11.7179 -59.3281 27.9884 -7.6936 113.716 -120.947 42.9015 -58.1236 58.636 -61.9454 1247.12 -154.473 -92.4178 182.351 -40.0407 -92.4222 -2.29872 -47.8075 -81.8025 -61.0549 -155.234 130.323
layer: 0 neuron: 5 34.1756 -176.19 -218.844 -33.4413 236.82 176.72 57.9845 -55.361 268.552 -107.316 -223.228 49.8596 -140.489 -29.6459 -30.8274 29.8722 -27.9582 296.892 1293.08 -116.187 200.535 -253.491 333.707 -16.4493 -77.0069 -90.9283 96.9395 29.0881 -78.6466 20.1367
layer: 0 neuron: 6 -302.792 -32.1062 22.5382 265.955 -48.7041 -3.59329 -59.6259 131.074 54.751 -200.97 -147.714 -24.2464 -64.4976 -223.275 -85.7981 -134.102 33.7531 346.977 1209.5 6.50239 41.5612 236.968 226.655 42.8719 22.5211 19.1024 141.113 66.5566 -8.62486 -166.526
layer: 0 neuron: 7 18.6056 81.5046 -10.4477 79.7495 -95.9775 -59.3414 -56.9091 -80.0138 22.2887 -81.4734 -137.245 -11.079 43.4598 -0.292376 46.0837 -82.4158 82.9986 105.76 1614.34 0.879517 184.926 -152.366 74.2277 25.978 26.6187 -6.96008 -11.9121 -64.0546 34.4345 -130.865
layer: 0 neuron: 8 102.136 136.178 51.9546 50.0629 194.754 -26.6244 42.3868 -39.3746 -169.364 -63.4312 252.287 -22.3762 206.548 -51.8727 -156.145 -120.787 55.8859 18.9488 -961.754 -56.3903 307.15 -488.146 -145.994 -96.178 250.7 -105.822 10.7268 -96.8168 50.2657 -92.5
layer: 0 neuron: 9 -67.9338 -115.214 0.187386 176.942 -114.089 6.38146 110.059 153.712 70.9959 4.95065 66.3565 21.7349 129.041 -184.567 -61.6641 -76.7489 -6.23542 -241.88 -633.785 -85.8786 -0.168372 198.828 35.6507 -129.132 -207.529 -1.5777 -43.2975 118.257 -56.7665 196.478
layer: 0 neuron: 10 126.805 117.496 -37.7322 85.427 -27.7276 49.0953 69.5771 -283.359 198.823 -118.757 -183.899 28.9221 -15.059 58.3611 30.3529 -243.93 -41.012 44.6359 1333.38 -119.122 375.159 -338.191 -191.829 -34.8101 -71.2029 70.5593 -294.957 -87.7472 122.958 76.7949
layer: 0 neuron: 11 197.457 92.816 51.7417 7.63867 47.0949 35.3468 -247.392 -154.402 79.1464 -112.839 28.3636 102.787 90.7794 40.4861 -106.126 64.7548 152.414 -70.9716 816.767 -274.861 300.754 5.59639 -68.3594 8.4226 -255.132 -60.3462 205.684 -72.1643 51.1031 42.9682
layer: 0 neuron: 12 161.362 78.3923 55.5298 63.5559 90.8143 -108.929 -220.99 -69.2348 98.573 -58.2055 46.6516 60.8119 133.799 54.8105 -45.8347 -110.28 110.441 -50.4611 776.24 -207.081 -21.4271 -3.11953 -18.826 -3.25327 2.8813 27.7018 194.132 -46.022 -23.3555 121.356
layer: 0 neuron: 13 -40.5023 -8.07356 53.1127 -2.09556 -35.5609 2.09019 -168.27 -45.3824 -47.7295 -53.7591 56.9145 -29.6328 52.7694 13.4138 44.0659 -25.6783 79.4822 161.832 611.411 -25.2593 93.0034 202.772 70.8808 -28.3688 123.989 -9.6881 17.3475 5.00024 -25.6698 -128.639
layer: 0 neuron: 14 -172.385 -160.502 -94.5942 98.2281 -61.5054 121.765 117.468 223.31 -122.634 36.1964 144.495 160.13 -67.698 28.2947 -32.4191 138.685 -60.0112 -24.5047 -1.3594 88.8415 -40.6903 83.1476 73.452 -64.7164 46.5715 -1.36279 -11.2049 133.123 91.5631 -15.7614
layer: 0 neuron: 15 -18.6087 -92.5629 -139.417 -293.705 49.529 -174.689 461.042 185.771 -124.889 206.216 -104.602 -135.855 75.1346 -63.7899 51.3571 191.388 -95.4173 1.48341 1159.39 322.905 -258.304 23.9879 175.554 -64.8612 -46.4297 -92.5471 -133.988 53.9471 -51.7169 114.576
layer: 0 neuron: 16 14.0875 -27.4804 0.338707 0.884717 -115.598 -35.1169 296.556 202.244 -68.9739 183.095 -229.305 -251.004 -74.1871 -179.12 93.3527 27.7571 -30.4559 -17.4079 532.911 282.575 -221.431 -38.4585 129.187 45.7432 260.166 0.421584 21.8677 -0.157215 -116.406 -113.824
layer: 0 neuron: 17 -32.9826 -44.0191 3.50645 24.0631 -106.23 106.781 -102.912 7.59658 3.51552 -63.0368 -29.5163 19.6274 -18.3326 -6.70072 -11.2591 29.8061 9.32621 174.384 429.477 -37.415 -2.50266 184.225 120.671 59.8583 136.319 26.997 133.8 25.1895 23.2276 -110.758
layer: 0 neuron: 18 -56.3272 -11.2643 -39.0515 32.0811 28.3756 -39.7478 129.51 95.197 49.3923 74.2407 12.1095 -34.3337 -97.945 44.1682 -1.44827 10.0287 -30.2769 -227.307 -694.261 60.5603 -129.422 -170.052 -136.551 -24.5251 -179.725 28.9261 -52.8847 53.3522 1.14162 60.6017
layer: 1 neuron: 0 -0.562034 0.874205 2.97831 5.22893 2.30948 -0.312683 -6.51957 0.30824 1.30018 1.75451 -2.66292 -5.57381 -2.39654 0.0253673 2.33231 -0.281731 -0.882979 -7.32757 -1.97347 3.9376 -4.11111 -1.4333 -1.58473 -8.90296 0.977655 -0.359987 0.885477 -1.01786 -2.8103 1.09778 0.287479 0.432872 -0.899631 -0.129126 1.56251 0.165899
layer: 1 neuron: 1 -4.89597 0.819158 -2.13043 -0.0176643 7.35379 -1.66855 -2.17285 -0.770692 0.52771 2.21078 1.53826 1.61851 -5.68339 -2.93306 0.243225 0.280643 -0.015918 3.12951 4.13227 -2.97653 -1.0826 -4.84995 3.7047 4.1095 -3.66301 2.04976 1.14639 -2.03812 -3.59815 -1.37941 -3.65646 0.855714 2.94341 -1.31525 -1.99693 0.988525
layer: 1 neuron: 2 2.34302 1.77598 -1.80655 -0.649976 1.70326 -2.46043 -0.666773 0.0912294 -0.45783 3.40019 -1.01653 -0.833373 0.460643 -3.29553 1.34695 -0.130073 -1.81415 -2.85541 3.28849 1.61508 -2.23337 1.23729 0.804676 2.94891 -0.249866 -3.42348 -0.0808368 0.663846 -0.748619 1.97292 -2.03825 0.581981 8.6064 0.172809 -0.0955639 0.445692
layer: 1 neuron: 3 -2.09323 2.48399 -1.93356 -2.6049 -3.28441 -6.72118 2.02997 -2.5928 -2.4194 -1.29492 -2.62301 -2.94364 -1.83755 -1.11417 3.55425 -4.60227 0.733948 2.31724 -1.45105 -5.38127 4.82713 -0.984127 3.34721 -0.135369 0.778401 1.76794 1.3962 -3.07997 -3.30478 -0.985364 -0.0362712 -0.857198 1.53395 2.3059 2.38286 0.119083
layer: 1 neuron: 4 4.21702 1.53271 1.04926 0.759168 -0.735286 -0.686491 -7.76998 -1.95349 3.7636 -0.726214 -1.69645 2.36162 -0.349578 0.835248 -1.2632 -3.4503 3.5129 7.04348 -3.46437 0.959732 0.964067 -0.776904 10.0924 8.6418 2.0699 6.4491 1.46142 0.328968 -0.963212 -2.23733 5.60181 -10.5745 -6.34602 -3.50134 -3.43033 0.00466933
layer: 1 neuron: 5 2.99923 0.265532 1.39405 -3.37747 -1.82622 0.784942 -6.22695 0.915942 -4.68953 -1.87903 -3.23243 -5.29276 2.18958 0.778775 0.639153 -0.188738 0.0884242 1.50183 -6.76128 1.85979 -1.4711 -0.16926 3.6141 -1.6252 -2.05318 3.00163 1.21158 1.00973 -1.57394 1.7393 3.06957 3.52403 -3.70808 1.69877 -0.679761 0.0089114
layer: 1 neuron: 6 0.215007 -4.53918 1.52063 3.11567 -6.3629 6.17111 -4.30753 -1.83242 6.89848 3.02432 -4.27456 4.18713 0.761251 1.20058 3.20664 0.651199 1.37744 -0.116816 -0.671819 -6.10409 -7.18025 -1.916 -1.15845 -7.41667 -3.52462 1.49047 0.400342 -2.03845 6.88316 1.68369 -4.08049 -0.0665888 -0.791863 -0.124765 -2.68252 0.37788
layer: 1 neuron: 7 0.288648 -1.88623 -4.19209 -3.67319 4.42352 -1.45358 -0.387959 0.689209 -0.454256 -1.6327 1.14763 0.634878 1.49373 1.69699 0.684427 2.62353 3.502 1.29473 -0.250971 0.140868 0.876177 1.9579 1.86046 -2.01696 -2.48916 1.52154 0.420971 0.780974 0.4815 4.97208 -1.19323 -1.30416 -1.8941 -1.05516 -5.61745 0.531663
layer: 1 neuron: 8 1.93769 -1.65396 -0.657632 1.83989 -0.628572 -1.36819 2.54027 -5.10687 3.93638 -4.36369 -2.02218 -0.80613 -0.0699096 -0.593103 -0.36346 -5.82239 1.43161 3.40105 -2.0895 -1.38014 -3.08982 4.70286 -0.147015 4.79829 -1.41619 -0.992952 -0.278593 1.89459 -1.05264 -2.90062 3.77107 0.987621 0.0484624 -6.25264 0.238789 0.571184
layer: 1 neuron: 9 -0.0226609 -0.628363 1.66694 1.16708 4.03893 0.468667 0.898306 1.3513 -0.552139 3.12278 -0.850059 0.727315 -1.69266 -3.04305 -1.83908 1.72197 5.26613 1.50133 0.298749 2.20364 -0.979119 -4.27949 -1.24818 -3.21473 -1.27542 1.00161 0.86692 4.83105 -1.24251 4.58102 -4.90716 -1.66817 -0.0147376 -1.68781 -4.09105 0.601764
layer: 1 neuron: 10 -0.47225 2.1381 -3.94955 2.00764 3.08202 0.595618 -4.71706 -0.66527 -0.185486 -2.71881 2.11581 -1.02194 -2.37731 0.312873 1.18209 -7.15811 -4.72523 8.62153 -0.999342 2.59837 0.984547 -3.28576 4.5523 2.615 -1.59776 -7.30928 1.13338 -1.97904 -0.895877 0.636283 -3.47788 -0.441697 3.82821 2.05348 -4.72314 0.607166
layer: 1 neuron: 11 -0.0759298 -0.835267 -1.48937 -0.792542 5.41239 -1.43034 -0.446056 1.08986 2.34244 -2.23561 1.08363 -1.49607 -0.816475 2.17555 -2.28959 0.231641 -1.27228 -0.0629445 -4.02175 2.31116 -1.85282 0.889091 -1.24661 3.903 1.82548 -0.483347 0.255662 -2.77046 -0.95226 -2.27602 4.05853 0.739016 -1.47552 3.33271 -0.805039 0.166234
layer: 1 neuron: 12 -2.00671 1.47276 -0.890329 -1.11331 5.1871 0.297859 2.54492 2.82309 1.70915 -0.215779 -3.7236 -0.460459 -4.58389 -2.4528 -0.653736 2.98608 -4.23742 2.48305 5.25983 -1.38909 -5.75236 -2.78278 -1.52785 3.67989 -0.216451 -0.393188 -1.16958 -3.7295 2.20855 2.43905 -0.984364 -2.42679 4.46138 -2.22748 1.85224 0.663045
layer: 1 neuron: 13 -1.99284 1.75142 -0.110911 -1.09356 0.326187 -1.28872 -2.8245 -1.0639 1.77295 -2.1453 1.51394 -1.92183 -2.91903 1.18634 -6.63197 -3.71568 -0.469281 0.524871 0.881758 3.78197 1.76831 -7.95152 -2.4004 5.46628 -0.99621 -0.127815 -0.660932 -0.224887 1.02344 2.71024 0.865755 -0.23791 -1.58796 -3.52789 0.922437 0.450789
layer: 1 neuron: 14 -0.660642 2.39983 1.61812 2.5338 1.50593 -0.572585 -0.0636248 1.17865 -0.475026 -1.80208 1.25161 0.647114 -2.37173 -0.47066 -2.05091 -0.550391 4.64865 -1.95938 0.705028 2.7558 -0.71365 0.0575138 -2.41946 0.221009 -1.98028 -3.943 -0.283114 0.734592 1.13626 -2.18284 -1.98635 1.35035 -3.10632 0.919048 -0.691409 0.352123
layer: 1 neuron: 15 -0.374442 0.220944 -1.62227 0.874445 2.67058 7.32335 -0.597865 4.34107 0.299924 3.41104 -2.28621 -4.23312 -2.30568 1.13862 -0.076017 -4.96803 -0.328623 0.18363 -0.0471279 9.11031 -0.791651 1.98765 6.44004 -1.16237 -0.846433 3.956 -0.431217 -2.00033 -1.04712 0.902444 -0.0918666 -0.128002 -3.45004 -1.28978 0.724626 0.0570391
layer: 1 neuron: 16 -0.908336 4.86877 2.46692 0.66649 1.61683 0.182906 0.0761573 -0.713292 -7.03783 -3.90261 -1.0954 -7.44882 1.90319 -0.784091 1.32621 -6.89749 -1.45642 -3.83819 4.857 0.839908 -3.05333 6.01497 -1.66362 1.39548 0.527454 -6.36268 -0.0159992 -1.79798 -2.65691 6.36948 -2.12139 -1.57431 -5.82284 3.0445 -0.115549 0.607685
layer: 1 neuron: 17 -2.32481 1.75263 -6.05008 0.19297 -0.179858 0.787228 -2.18972 -0.545953 -2.50952 -5.01567 -7.80267 -3.62745 3.53879 -0.818339 -0.350217 0.570316 1.29502 7.21253 0.846733 3.63829 2.30084 6.58448 -6.36446 1.54063 1.49081 1.59913 -4.73799 -0.445929 -1.39772 -0.459105 7.17984 -0.174014 -4.01281 -7.17622 2.46083 0.783319
layer: 1 neuron: 18 8.70595 10.3665 3.17235 5.48 24.0023 16.5452 16.2321 5.21202 22.3858 22.53 16.6791 25.8476 4.15766 11.7814 5.96089 18.2215 7.62378 27.6671 14.722 12.1103 13.1992 25.7454 24.5268 24.9472 3.24148 24.1523 13.7063 16.322 9.56083 9.34012 20.8551 7.21415 27.155 16.9801 8.39304 0.802606
layer: 1 neuron: 19 -2.56744 -3.92342 1.50002 4.07884 0.0404485 5.56576 7.15595 -3.68838 1.05922 -0.317878 -8.20975 5.78851 1.69214 0.101253 2.76822 -0.610088 -0.942862 4.16387 -3.80823 0.0378964 1.38495 -3.12835 -0.923098 -4.37769 1.59552 -6.37766 -1.0605 1.58551 -2.32404 -4.98673 -2.9433 -1.33007 -1.83965 -6.12132 -1.77678 0.519883
layer: 1 neuron: 20 2.66207 1.94163 -1.62019 -2.346 2.07267 -7.33817 -3.24459 -0.935588 0.277206 6.90806 -6.21035 0.346186 -0.575494 1.14887 -0.349367 11.6648 -6.35439 8.28001 -1.44298 -4.7781 -0.825494 -0.884012 4.87343 2.00363 0.125421 5.23713 -2.10241 -0.248298 -4.50252 1.07013 -0.793382 1.78459 0.515834 -0.8693 3.205 0.30195
layer: 1 neuron: 21 -6.36506 -1.60153 5.50225 -1.47756 -2.53179 -1.86337 -0.260574 1.04579 -4.56201 -3.52083 5.38884 -5.93397 -0.432836 -4.75585 0.664888 0.0973845 -1.29867 -3.65943 6.51864 0.16847 0.292174 9.07439 0.873817 -6.57483 -0.0508015 -5.36566 -6.39078 -4.53666 0.664554 1.32541 -4.3894 -0.387329 -7.10965 -4.66505 -0.275374 0.875973
layer: 1 neuron: 22 -0.7882 -1.66525 -1.22558 3.29346 -0.918774 2.38253 0.352152 2.0408 -1.30395 1.70776 -6.23519 -2.94875 2.73413 -0.682905 0.67729 6.57054 0.747059 6.89963 1.14606 -0.405969 -0.458354 4.24957 -3.63298 -2.22134 -3.2044 3.42496 -5.09927 -1.33067 -1.70957 0.678547 -0.0518888 1.84983 0.918649 -6.98516 -1.7829 0.726676
layer: 1 neuron: 23 -0.530918 -3.72245 0.34503 -0.927784 -1.94213 -1.52581 -2.32372 -3.68327 -7.31628 -1.04629 -1.66204 -0.432659 0.483475 0.73471 0.0213078 -3.47025 -0.328501 -4.55882 -1.95651 3.9153 -1.15321 0.0462821 -0.539725 -3.74737 -0.336254 -5.64211 2.25654 -1.97482 2.59458 -4.25818 2.84103 -2.96837 -2.26817 0.30425 -2.13215 0.955901
layer: 1 neuron: 24 -0.686382 7.44569 -0.667846 2.73643 -11.0619 -3.79095 -4.64108 2.54438 -4.34091 -9.58073 -3.8677 -2.88637 5.19039 -1.12143 1.78519 -3.72634 0.936573 -1.51568 4.36837 5.68127 3.95273 -2.40846 2.15301 -7.42206 -4.01071 0.549496 -1.82384 -2.89279 -4.15779 8.13883 -3.83714 -8.00481 3.78692 5.14202 4.95586 0.925718
layer: 1 neuron: 25 -0.535781 -1.4969 0.916756 -3.82659 0.210234 -1.10648 0.183296 -1.99014 -1.0532 -1.51962 -2.91372 1.262 3.65852 0.903707 0.435409 1.21578 0.932281 -3.73116 0.249391 1.18473 2.94655 -1.85213 -1.04141 -1.1451 0.160916 -1.94207 0.530914 -1.53567 -2.23305 -2.05306 -0.352844 1.23703 3.93286 2.41156 1.77048 0.539354
layer: 1 neuron: 26 0.248542 0.174715 -0.954164 -2.03878 -1.28854 4.95475 -1.70475 -1.18768 -2.9598 -3.47904 -2.34915 -4.66197 0.746913 -0.0549452 0.810858 5.43825 2.9138 0.190923 0.993681 0.527054 0.759138 4.03719 -5.4483 2.40854 3.35898 -3.15139 0.337609 -5.74762 -0.556554 2.21167 4.57693 -2.34806 -5.21733 -0.827168 -2.84807 0.142338
layer: 1 neuron: 27 -0.532452 -3.43373 -0.235256 -4.76078 -7.79695 2.07387 -0.717572 -1.22591 -1.74576 0.907512 1.08838 1.31468 -2.99157 0.750733 1.44327 0.0514426 -1.41162 -0.411083 2.2013 -0.281898 -1.87974 0.501433 4.43954 0.842727 -0.731005 -0.741087 -4.6031 0.100792 -0.525764 1.65958 2.19727 1.06915 -0.00795705 -1.53733 0.249578 0.462081
layer: 1 neuron: 28 2.08877 -3.10889 0.332759 -1.41342 -1.23762 0.39005 -1.25627 0.640911 -3.03976 -0.828769 -4.80436 -0.452707 0.796063 1.95832 0.347054 0.512343 -1.26088 -3.68267 -2.9227 -1.48548 -0.249841 0.204231 -1.98016 1.84573 -2.9691 1.34463 1.15954 2.47142 0.503601 3.25772 1.94265 -1.88176 1.86102 -0.589811 -0.692473 0.235328
layer: 1 neuron: 29 -0.3235 1.81261 1.30099 -0.512532 -2.53956 1.50399 0.250856 -1.92708 3.68892 1.4953 2.63409 -1.7326 -1.3815 -0.319827 0.450927 -3.7659 -1.78229 -0.550813 -1.75775 1.34773 -5.19708 -3.42682 6.45969 -2.48098 1.80444 -1.81685 0.644965 -3.3467 -0.630749 -0.144595 -0.450776 -0.456061 2.05702 -0.715447 2.29077 0.862239
layer: 1 neuron: 30 -18.3284 -26.3494 -24.327 -24.3861 -29.5552 -25.414 -29.2422 -21.9543 -23.141 -29.8716 -33.899 -27.0156 -26.5682 -16.8051 -13.5544 -30.6562 -21.1631 -29.0479 -30.1775 -31.1454 -22.1568 -28.0594 -25.0549 -29.8517 -19.789 -28.9022 -13.9635 -17.3579 -20.5062 -24.6537 -37.0072 -26.2643 -28.2514 -26.7243 -23.0973 0.209601
