topology: 18 11 6
layer: 0 neuron: 0 0.466631 5.67858 10.0577 1.88477 0.290574 1.8965 -11.2181 6.76179 -2.73282 -0.630699 -5.43186
layer: 0 neuron: 1 4.96383 13.0029 -11.6101 1.34112 -0.100734 -1.81247 5.38896 -10.4546 8.71193 2.52636 -11.351
layer: 0 neuron: 2 -3.44428 9.11952 -1.22011 -7.32549 -0.93558 -3.11659 6.43058 12.7381 7.36811 2.3148 -0.159034
layer: 0 neuron: 3 2.27836 -4.33342 3.47626 -3.77262 2.20197 15.3987 7.46475 0.479738 -3.08266 0.0876336 9.04405
layer: 0 neuron: 4 11.388 -2.42058 2.54498 -10.1626 2.55467 1.03678 5.60559 -8.0525 0.781939 1.96089 -3.25345
layer: 0 neuron: 5 -4.82546 -4.57292 1.41603 4.31311 -8.27193 3.67877 -5.46119 5.52894 1.36071 1.21734 3.3367
layer: 0 neuron: 6 6.82045 -10.8526 8.77266 5.40371 -3.21237 -12.7207 0.484461 6.55182 -4.09869 5.91461 3.3038
layer: 0 neuron: 7 0.238712 -1.75461 -2.2644 -0.605968 -5.19713 6.53499 1.60368 -0.24218 -0.477379 3.05755 0.732782
layer: 0 neuron: 8 -2.29516 17.6267 2.03333 4.41629 1.61119 6.45306 3.6736 -2.87094 15.6946 -5.15198 1.8605
layer: 0 neuron: 9 6.6429 -0.0238017 0.574059 6.28816 8.25572 0.106078 12.2457 11.2624 3.14148 8.94066 7.6751
layer: 0 neuron: 10 -0.961988 0.340884 -3.47965 -1.80291 -0.694308 -1.01237 9.66072 -4.2357 3.49873 1.20286 2.83417
layer: 0 neuron: 11 -0.807898 -4.79864 2.05792 3.24213 0.168501 3.14021 3.16132 4.82426 -0.255118 1.60429 0.724646
layer: 0 neuron: 12 0.0864927 -2.9147 0.415631 3.00468 0.417483 3.59488 5.16822 1.23654 0.11366 0.202544 0.593356
layer: 0 neuron: 13 0.209828 4.15201 1.5911 -0.157303 0.406337 1.73473 1.64176 -0.64836 2.10078 0.20317 0.113696
layer: 0 neuron: 14 1.65644 16.4251 -2.07129 -4.08261 3.31101 2.46025 1.55253 4.74342 2.50973 0.198234 -2.67073
layer: 0 neuron: 15 0.254293 -0.317856 2.25328 3.0893 0.784237 -0.778182 -4.3535 1.53374 2.98088 0.671577 -0.80171
layer: 0 neuron: 16 1.14431 3.9825 3.64291 -0.237928 0.745609 -0.679349 -0.868594 2.59658 4.25584 1.21925 -2.15636
layer: 0 neuron: 17 -0.245761 3.00926 1.26341 0.984192 0.711095 0.568602 0.546603 1.5065 1.79235 0.0744913 -0.245184
layer: 0 neuron: 18 1.1195 -2.15563 -0.876262 0.0406121 0.800399 -0.202204 -0.580127 -0.719616 -1.23686 1.25042 1.29389
layer: 1 neuron: 0 -0.0117618 -0.13629 0.0834899 0.0206465 -0.714509 1.22788
layer: 1 neuron: 1 0.70633 -0.481682 -0.080306 1.0029 -1.24254 -1.346
layer: 1 neuron: 2 -0.558099 -0.0181676 -1.25492 0.0375568 0.772709 -1.11428
layer: 1 neuron: 3 -0.0796868 0.801165 -0.057219 -0.126587 -1.15373 0.738419
layer: 1 neuron: 4 -0.110391 2.22208 2.43236 0.600943 -0.176717 -0.607873
layer: 1 neuron: 5 -0.0652586 0.0697902 0.586044 -0.707537 -1.47975 -1.28388
layer: 1 neuron: 6 0.621183 0.0159485 -1.32144 0.0350414 -1.28787 -0.288267
layer: 1 neuron: 7 4.03309e-005 0.715345 0.703351 0.653341 -1.06748 -0.587655
layer: 1 neuron: 8 -0.70839 -0.78149 0.0425186 -0.699191 1.87582 0.718441
layer: 1 neuron: 9 0.0387015 -0.531951 0.610511 -1.33913 1.15217 -0.629659
layer: 1 neuron: 10 0.086693 -0.767114 -0.0875498 -0.01226 1.82626 0.830252
layer: 1 neuron: 11 -0.900621 1.8479 -0.345059 1.5317 -1.00322 -1.5805
